0 0.10666666225105204 0.5307080938900783 0.21333332450210407 0.9292569056477031
0 0.1304512924813026 0.7175222106591093 0.20415434209493527 0.5649555786817814
0 0.3200519950210406 0.6598530304498474 0.2146330290255766 0.6802939391003051
0 0.522405668704838 0.6406469566670764 0.2255085308396751 0.7187060866658472
0 0.70815219574668 0.6481894194045033 0.23145843047685552 0.7036211611909936
0 0.888082743206942 0.7112269571617157 0.19522577539737931 0.5775460856765686
0 0.8574925191524756 0.32525531122889934 0.2137351840202343 0.4885409774344578
0 0.6646081039061988 0.25004104790106424 0.21864837331312864 0.45044158386094857
0 0.5651190245947714 0.18771088097058997 0.11824903611233459 0.21260295157021036
0 0.42031990136646086 0.30315036137454865 0.19622773628981993 0.4341800863682311
0 0.26456097468743855 0.28454145071228054 0.15752484563831431 0.3315946439692207