0 0.2 0.38125 0.0125 0.0421875
0 0.203125 0.4265625 0.0140625 0.05
0 0.32421875 0.55078125 0.0109375 0.0546875
0 0.42421875 0.4875 0.01953125 0.046875
0 0.44375 0.49375 0.01328125 0.05390625
0 0.54296875 0.56875 0.01484375 0.05625
0 0.47421875 0.7890625 0.02890625 0.05859375
0 0.5484375 0.49765625 0.0140625 0.04765625
0 0.5109375 0.4265625 0.01171875 0.0453125
0 0.43984375 0.38203125 0.01015625 0.04765625
0 0.4578125 0.28671875 0.01328125 0.0421875
0 0.52578125 0.2921875 0.01484375 0.04453125
0 0.534375 0.28359375 0.00859375 0.0453125
0 0.60390625 0.36015625 0.009375 0.03984375
0 0.6375 0.35 0.0125 0.04453125
0 0.6765625 0.28515625 0.00859375 0.0453125
0 0.68359375 0.2890625 0.0125 0.03984375
0 0.76328125 0.53984375 0.0109375 0.0546875
0 0.79453125 0.49765625 0.01171875 0.04609375
0 0.81640625 0.36640625 0.01484375 0.046875
0 0.92109375 0.3765625 0.015625 0.046875
0 0.5 0.13125 0.0109375 0.03515625
0 0.5453125 0.3890625 0.01328125 0.0453125
0 0.94375 0.26484375 0.0109375 0.04375