0 0.18959556528486585 0.36041316882984215 0.014607940006363318 0.047120461850553054
0 0.1921296719446389 0.41124896590774285 0.016270437340863263 0.05574148538950343
0 0.324895623925867 0.5518757402574721 0.012427822008272393 0.061142051542127616
0 0.43744162460218483 0.4827320482924214 0.02248407467377227 0.05272557954530477
0 0.45845355860123027 0.490131491068251 0.015543731341499622 0.060415348620028196
0 0.5684274479233217 0.5748804123337251 0.017133503341817756 0.06278637215897867
0 0.48822922855668693 0.8188428721556834 0.03278577534213589 0.06540285754848192
0 0.574805264600594 0.4968508697200513 0.016243165340545217 0.05339773538950343
0 0.5350984219446389 0.41723550770734247 0.013872143340227083 0.051013075081077906
0 0.4559836339513204 0.3666258072208751 0.011555665340545218 0.053315914772652385
0 0.47753246463241067 0.26073036322722953 0.014607940006363406 0.047120461850553054
0 0.5532500799650016 0.26752187986632103 0.016988052673454136 0.050286372158978576
0 0.5619438272995015 0.2590781343305479 0.009965893340226906 0.05094489123370209
0 0.6382966946212749 0.3455844245085897 0.010674418006045272 0.04470852800317724
0 0.6759330546228657 0.33452023944339787 0.014644302673454134 0.05024546185055305
0 0.7197381459659561 0.2633952617645322 0.009956802673454312 0.050163641233702094
0 0.7282773519653197 0.2682327662287591 0.014580668006045272 0.04477671185055314
0 0.8133223245942307 0.5478987211794533 0.013209072008272215 0.061155688311602674
0 0.849024014600594 0.501637375805836 0.013099984006999677 0.05178068831160267
0 0.8741614692870929 0.3559527288900911 0.017015324673772626 0.052630122158978575
0 0.9888870406190478 0.3681135840029411 0.014653393340226728 0.051026711850553144
0 0.5256352519891824 0.08887868262626457 0.012164192671863461 0.03848580154212757
0 0.5722989772835932 0.37647018587267544 0.015425552673454135 0.05025909862002829