0 0.11640625 0.4234375 0.0125 0.04609375
0 0.246875 0.42734375 0.01015625 0.04375
0 0.353125 0.46640625 0.01171875 0.046875
0 0.321875 0.53828125 0.01171875 0.0515625
0 0.378125 0.53203125 0.01171875 0.05625
0 0.46953125 0.60625 0.0109375 0.0578125
0 0.53828125 0.5171875 0.01015625 0.04609375
0 0.66171875 0.54453125 0.01171875 0.05234375
0 0.6796875 0.56953125 0.0109375 0.0578125
0 0.496875 0.7828125 0.01484375 0.059375
0 0.30234375 0.3046875 0.0125 0.0390625
0 0.31796875 0.2921875 0.0140625 0.0375
0 0.37421875 0.321875 0.01015625 0.04296875
0 0.3625 0.34375 0.009375 0.040625
0 0.4796875 0.3796875 0.0078125 0.03984375
0 0.5046875 0.31328125 0.0078125 0.03984375
0 0.60234375 0.39375 0.0109375 0.04296875
0 0.61328125 0.3390625 0.01015625 0.04453125
0 0.615625 0.31328125 0.00703125 0.04296875
0 0.73671875 0.32890625 0.00859375 0.04609375
0 0.9390625 0.353125 0.01015625 0.04609375
0 0.52578125 0.15 0.009375 0.0359375
0 0.4390625 0.365625 0.009375 0.0453125