0 0.09921875 0.38104598780155574 0.01328125 0.05163976805217674
0 0.24375 0.3865743460164204 0.01171875 0.04928692769309713
0 0.3625 0.43101521330647136 0.0125 0.05163522287263689
0 0.32734375 0.51049818022718 0.01328125 0.057889768052176646
0 0.38984375 0.5038305445903646 0.01328125 0.06257726805217664
0 0.49140625 0.5872339179305397 0.0125 0.06413522287263689
0 0.56796875 0.488460595525441 0.0109375 0.050844882513557364
0 0.70546875 0.5197292971244474 0.0125 0.05866647287263689
0 0.725 0.5471866766129427 0.0125 0.06413522287263689
0 0.521875 0.7827236799325924 0.01640625 0.06650169877033604
0 0.30546875 0.25021466520006524 0.0140625 0.04383181323171659
0 0.32265625 0.23781465914994104 0.015625 0.04227840359079611
0 0.38515625 0.27020952351312577 0.01171875 0.04772442769309713
0 0.37265625 0.29513680064048886 0.0109375 0.04537613251355736
0 0.50234375 0.3349538004440971 0.00859375 0.044581246974937906
0 0.53046875 0.26167992690753017 0.00859375 0.044581246974937906
0 0.6390625 0.35137420686356363 0.0125 0.04772897287263689
0 0.65078125 0.29128613455666075 0.01171875 0.04928692769309713
0 0.653125 0.2623935200952802 0.0078125 0.04770170179539814
0 0.78828125 0.28036733615566717 0.009375 0.050835792154477664
0 0.55390625 0.08056628229372449 0.01015625 0.03990283733401752
0 0.4578125 0.319850975210328 0.01015625 0.050840337334017514