0 0.24961327428140181 0.5342290558549493 0.018983332211595892 0.06241908695813834
0 0.33914112404397495 0.6293916586304185 0.014295832211595893 0.06222808596955502
0 0.2785924174591997 0.6941916462731288 0.0176481527447093 0.07016791996194396
0 0.31760344167409454 0.751315738174183 0.02215379631821861 0.06410892095052709
0 0.38721725969992543 0.7244295860067362 0.014636813011266004 0.07394683596955502
0 0.4153135159681316 0.7803267589344296 0.015145278371529968 0.06460366946765247
0 0.45005222882111307 0.7692274328507063 0.016662314264907253 0.06310483646384668
0 0.4536546019406512 0.752948516843095 0.01824754631821861 0.06394975346004106
0 0.5132114583671419 0.7491178626984819 0.021418010424841327 0.06563958745243
0 0.5646602981005853 0.7551251235728967 0.020568564264907253 0.06326400395433254
0 0.5506014612701359 0.6200179531166613 0.01576740399835046 0.05916675296574958
0 0.5561384074300698 0.6178970376033417 0.013355457838416563 0.05672750247145793
0 0.657397030549608 0.6055973088578799 0.01746629631821861 0.06391791996194396
0 0.7034393047645028 0.6630079022418089 0.022935046318218612 0.06414075444862419
0 0.7869695556224326 0.8298863375267921 0.02392088479802066 0.07120383794672155
0 0.6960085526529317 0.4882798162722537 0.016571386051661818 0.05997983646384668
0 0.6113584195042637 0.413652547983465 0.017079851411925872 0.05063666996194396
0 0.539369759237707 0.41463011615852297 0.013932119358614515 0.049728085969555205
0 0.4774715013201482 0.4989295203031361 0.014295832211595893 0.06222808596955502
0 0.5635861607287751 0.33505270410524446 0.014736101411925873 0.0505411694676523
0 0.5003276427820864 0.3316929407593716 0.014849761678482487 0.0544474194676523
0 0.38079038110360397 0.3807923325466951 0.011770225785105204 0.05588258547526355
0 0.44956809098708456 0.03317984490398475 0.010238818025830909 0.030069501977166346
0 0.904115535497666 0.19092860828703864 0.012415083465237231 0.051226918973360736