0 0.26796875 0.5203125 0.01640625 0.059375
0 0.3578125 0.6078125 0.01171875 0.059375
0 0.3015625 0.67265625 0.01484375 0.0671875
0 0.340625 0.7265625 0.01953125 0.0609375
0 0.40625 0.69765625 0.0125 0.0703125
0 0.43515625 0.75 0.0125 0.06171875
0 0.46796875 0.73828125 0.0140625 0.06015625
0 0.47109375 0.721875 0.015625 0.0609375
0 0.528125 0.715625 0.01875 0.0625
0 0.578125 0.7203125 0.01796875 0.06015625
0 0.56015625 0.590625 0.01328125 0.05625
0 0.565625 0.58828125 0.01171875 0.05390625
0 0.66328125 0.571875 0.01484375 0.0609375
0 0.709375 0.6265625 0.0203125 0.0609375
0 0.79375 0.78359375 0.02109375 0.0671875
0 0.696875 0.4578125 0.01484375 0.05703125
0 0.6140625 0.3890625 0.015625 0.04765625
0 0.54453125 0.39296875 0.0125 0.046875
0 0.4875 0.4765625 0.01171875 0.059375
0 0.56484375 0.315625 0.0125 0.0484375
0 0.50390625 0.31484375 0.0125 0.05234375
0 0.390625 0.3671875 0.01015625 0.05390625
0 0.446875 0.02421875 0.009375 0.040625
0 0.8890625 0.16328125 0.0109375 0.04921875