0 0.93984375 0.81171875 0.0140625 0.053125
0 0.67890625 0.29765625 0.01015625 0.0375
0 0.28125 0.2125 0.00859375 0.03046875
0 0.3046875 0.46875 0.0109375 0.0484375
0 0.2921875 0.49609375 0.0125 0.0484375
0 0.41484375 0.57734375 0.0109375 0.046875
0 0.403125 0.6203125 0.0109375 0.04921875
0 0.58359375 0.6796875 0.0203125 0.05078125
0 0.31640625 0.84921875 0.01171875 0.065625
0 0.2328125 0.8703125 0.01171875 0.06796875
0 0.22109375 0.88828125 0.01484375 0.05078125
0 0.26484375 0.92265625 0.02578125 0.07578125
0 0.221875 0.68203125 0.01171875 0.05625
0 0.2140625 0.703125 0.01015625 0.053125
0 0.2078125 0.70625 0.0109375 0.0515625
0 0.20546875 0.753125 0.01328125 0.05625
0 0.25 0.69765625 0.01484375 0.05546875
0 0.2421875 0.734375 0.0125 0.0578125
0 0.2328125 0.753125 0.0125 0.05859375
0 0.22109375 0.77265625 0.01328125 0.05703125
0 0.21953125 0.75546875 0.0140625 0.05859375
0 0.11640625 0.70234375 0.0140625 0.05546875
0 0.09609375 0.65703125 0.0125 0.05546875