0 0.993784515194205 0.8130628627222375 0.012430969611590115 0.060701887023308476
0 0.7000192224798536 0.24748502505810746 0.011182939695149585 0.04256944591631599
0 0.254147665396457 0.16694193022240136 0.01035169272021177 0.03394841406515057
0 0.28238279146710665 0.4535143472827768 0.012036912567786651 0.055096727767481465
0 0.268502098648699 0.4852554206037546 0.01438066256778665 0.05517857332097762
0 0.40652933947531683 0.5710788147986392 0.012804527029167189 0.05278025961864685
0 0.39352989060678495 0.6199801062684515 0.012041457747326411 0.05587797776748147
0 0.5954787308676688 0.679347638667771 0.02298804810640611 0.05782242368379755
0 0.2981502546753821 0.8803943058129645 0.013708496876741982 0.07390129146981224
0 0.20531331488203658 0.9062970961016503 0.013722132415361443 0.07624504146981223
0 0.1921502395500716 0.9270733875714626 0.01673804810640602 0.05760416887447377
0 0.2399882967316639 0.9566591946503717 0.03009656615858276 0.07134921034428601
0 0.191590661585828 0.6965773557202973 0.01364940954272451 0.06374504146981223
0 0.18234747179248242 0.7195609879342825 0.012064183645025484 0.05978422776748147
0 0.1753389476901815 0.7237127745947713 0.012055093285945872 0.05822172776748147
0 0.17329972471934868 0.7761383701482676 0.01521190954272451 0.06379960517214318
0 0.22293611035616395 0.7118923316736802 0.016769864363184707 0.06307291887447394
0 0.21380655005131363 0.7544072138876653 0.014439749901804166 0.06533482332097762
0 0.20376847471934867 0.775074377952816 0.014444295081343927 0.06611607332097762
0 0.19061903492600313 0.7981944194226281 0.015211909542724555 0.063799605172143
0 0.18894290543750789 0.7787177331249591 0.01600679508134393 0.06617063702330857
0 0.07297247179248242 0.7233804470974423 0.0159840691836449 0.06226438702330857
0 0.05001623994285505 0.6726091207812397 0.0144215691836449 0.06220982332097762