0 0.90546875 0.8046875 0.02265625 0.06171875
0 0.67734375 0.2921875 0.009375 0.040625
0 0.28046875 0.2046875 0.009375 0.02890625
0 0.2796875 0.4640625 0.009375 0.05078125
0 0.21015625 0.57421875 0.0140625 0.05390625
0 0.4328125 0.603125 0.0125 0.04765625
0 0.440625 0.6421875 0.0140625 0.04765625
0 0.3734375 0.671875 0.01171875 0.0546875
0 0.38359375 0.8390625 0.01484375 0.0640625
0 0.23671875 0.70078125 0.0140625 0.0546875
0 0.22578125 0.76875 0.0140625 0.05625
0 0.22734375 0.7921875 0.0125 0.05625
0 0.2140625 0.865625 0.0125 0.065625
0 0.2890625 0.80859375 0.0109375 0.0640625
0 0.30234375 0.81953125 0.01875 0.0609375
0 0.2984375 0.809375 0.015625 0.0515625
0 0.31171875 0.7734375 0.01328125 0.06015625
0 0.29765625 0.7625 0.0171875 0.05
0 0.32265625 0.7984375 0.0171875 0.05234375
0 0.33984375 0.79765625 0.01796875 0.0625
0 0.296875 0.928125 0.0203125 0.05546875
0 0.1578125 0.75078125 0.0140625 0.0625
0 0.153125 0.74140625 0.0109375 0.06015625
0 0.146875 0.87109375 0.01171875 0.05703125