0 0.9439311033904829 0.7742188892415034 0.02449754631821861 0.06420442144481857
0 0.6934534494586393 0.25723827216875933 0.011383780878812288 0.04260133547526355
0 0.2838080133278352 0.18397977467739832 0.011042800079142268 0.030882585475263548
0 0.29077839350700224 0.4504178581754955 0.01167929757185977 0.052757585475263546
0 0.22219954123714664 0.5666277900004376 0.015653743731793845 0.05526050296574958
0 0.4519696092629776 0.5869880750579591 0.013932119358614515 0.049728085969555025
0 0.46094144398185594 0.6265134900769873 0.015494619358614514 0.04979175296574958
0 0.39231947611430956 0.6605966714076377 0.014136707838416562 0.0567593359695552
0 0.4082580278428045 0.8320260024342769 0.017557224531463866 0.06704291996194378
0 0.25333954414014054 0.6959823675670357 0.016480457838416562 0.05685483646384668
0 0.24442519688484982 0.7659592865403964 0.01652592194503919 0.058417336463846684
0 0.24666965848419004 0.789333119544202 0.01418217194503919 0.0583218359695552
0 0.23483489970870144 0.8664686225099516 0.014454956584775313 0.06769683596955503
0 0.31045101365703953 0.8039421061983291 0.012846992478152597 0.06607066897336074
0 0.32407324445670965 0.8151196867306769 0.02134981426490725 0.0632958374524299
0 0.3198487457103509 0.8043413542211628 0.017170779625171127 0.05376166996194405
0 0.3328428392047179 0.7670496012554133 0.015077082211595894 0.0622599194676523
0 0.3176808404583591 0.7567169377192601 0.019469065518548413 0.05229467045623544
0 0.34453049696399213 0.7923851822820526 0.01875601167848249 0.05460658695813834
0 0.36169526491068077 0.7909035953239142 0.02061402837152997 0.0648265039543329
0 0.32183244602692007 0.9262800212173573 0.02275318989172792 0.057890754448624196
0 0.17356712760537768 0.7500743013691441 0.016707778371529924 0.06466733646384668
0 0.1686068429656416 0.7408903023577272 0.012733332211595894 0.06216441897336082
0 0.16546277408188081 0.874770553840602 0.01420490399835055 0.059103085969555026