0 0.43433011228216234 0.130096144956548 0.014428527088305287 0.04198844685684686
0 0.46290899234700494 0.40749339888548947 0.014937949338046153 0.05292594685684686
0 0.46369670450533274 0.508456585403254 0.014666121587787195 0.06382705955329407
0 0.513007499790603 0.5249505725829724 0.01686432237357547 0.06081122146395259
0 0.2354389638109576 0.4321809915229446 0.012866027088305287 0.04191567224974104
0 0.23527629797135746 0.44549862882649754 0.01437286910658786 0.024056084160399747
0 0.24374376943531012 0.4591972557909683 0.016663115177646404 0.03975385876750579
0 0.25851474482820425 0.4569433970234626 0.024312949338046154 0.05336259449948209
0 0.22053320946773142 0.5996424733259795 0.019952935070022625 0.06017552067816449
0 0.33118822725041175 0.7228915746498871 0.023968346980681333 0.06270120719592924
0 0.3896685072342011 0.6504857276692058 0.016446945409104786 0.06858733416039975
0 0.3684207076057046 0.7994519205971112 0.019499170801998922 0.06717038337461148
0 0.4417597001621066 0.6762455529382654 0.017228195409104786 0.0686237214639526
0 0.46730766376817645 0.7204664338316775 0.01730097001621065 0.07018622146395259
0 0.47879947373575504 0.5805670258499601 0.018172111248705037 0.05541524607105863
0 0.539268246895119 0.6349056153870434 0.018608758891340216 0.06479024607105863
0 0.5524810303935649 0.7000575804408553 0.01804583271265763 0.06944135876750561
0 0.6177913531814252 0.6061941104246447 0.016228621587787196 0.06389983416039975
0 0.6554048231976358 0.6741243190683159 0.0171190334984459 0.06627997146395259
0 0.49164849999549076 0.9236813250641719 0.020571519230422376 0.07345677067816432
0 0.5953084234880861 0.4764894937992562 0.016391287427387446 0.05065497146395277
0 0.6434398624870501 0.5180926428896334 0.01802656203449331 0.05229024607105863
0 0.6839171592200625 0.47940897849777525 0.020588635855810722 0.05708690798171734
0 0.9863423000382721 0.6015556904512153 0.01622862158778702 0.06389983416039975
0 0.9945136527598268 0.27777143404107446 0.010972694480346235 0.045040672249741044