0 0.10346606659773043 0.5027182775025899 0.014671574673772402 0.05299872146395259
0 0.030899628580549416 0.6325920221259065 0.011510212006681508 0.04972817224974087
0 0.1304381939449571 0.3991737464853434 0.010647146005727004 0.042660534946188024
0 0.21233308394336622 0.40707182961228583 0.01534373667249973 0.04366010876750561
0 0.24475523261459328 0.37198620016661577 0.011455668006045184 0.045040672249741044
0 0.1615229199156857 0.6132340924325674 0.014689756007317811 0.05456122146395277
0 0.5525330119748648 0.15932126447742062 0.00903919267186346 0.03868151033908225
0 0.4319285159532294 0.3242271346174658 0.01138294267186346 0.038790672249741046
0 0.38716090861713864 0.3466137109199827 0.01065623667249973 0.04344178494618811
0 0.45106831993954816 0.4240623147250896 0.012273280673136 0.04820205955329389
0 0.42386947326545765 0.4799869830458892 0.008239761338317919 0.03708262303552932
0 0.42633140193350305 0.4697215711352304 0.01220964600572696 0.04273330955329389
0 0.43374391259550327 0.5037326980997012 0.011510212006681541 0.04972817224974087
0 0.40050360391473117 0.6091308275453713 0.017778393340227037 0.051581770678164315
0 0.35446439791536755 0.606590178454994 0.017832937340863265 0.05626927067816432
0 0.5348251545990031 0.47325748594137335 0.012273280673136 0.04820205955329389
0 0.5320916006126843 0.372658172459138 0.013726692671863461 0.03889983416039975
0 0.5217268126193658 0.32394884470887897 0.013644876670908879 0.03186858416039975
0 0.5862160266152296 0.3513974485139859 0.011473849339590458 0.046603172249741046
0 0.5833450179424118 0.3968191104246447 0.013744874005408825 0.04046233416039975
0 0.622298429941139 0.4043747452469983 0.010701690006363406 0.04734803494618807
0 0.5797371179185491 0.5726731350317505 0.01154657467377227 0.052853172249740864
0 0.5535649692473221 0.6074676660489973 0.010774415340545218 0.05359803494618802
0 0.7690632472549581 0.5412111575719418 0.014689756007317811 0.05456122146395259
0 0.9049643845878673 0.5380047667537322 0.01464430267345449 0.05065497146395259
0 0.4600405938892778 0.7937562305646899 0.011610209341181487 0.058321922249741046