0 0.1125 0.5171875 0.01328125 0.05078125
0 0.04296875 0.640625 0.01015625 0.04765625
0 0.13671875 0.41796875 0.01015625 0.04140625
0 0.21640625 0.4296875 0.0140625 0.0421875
0 0.2484375 0.396875 0.0109375 0.04375
0 0.1703125 0.628125 0.01328125 0.053125
0 0.5453125 0.203125 0.00859375 0.03671875
0 0.43046875 0.35859375 0.01015625 0.03671875
0 0.3859375 0.378125 0.01015625 0.0421875
0 0.44921875 0.45625 0.0109375 0.04609375
0 0.4234375 0.509375 0.0078125 0.0359375
0 0.42578125 0.49921875 0.01171875 0.040625
0 0.43359375 0.53359375 0.0109375 0.04765625
0 0.40234375 0.634375 0.0171875 0.04921875
0 0.3578125 0.6296875 0.01640625 0.05390625
0 0.53125 0.5078125 0.01171875 0.04609375
0 0.52734375 0.41015625 0.01328125 0.0375
0 0.5171875 0.3625 0.01328125 0.03046875
0 0.58046875 0.3921875 0.0109375 0.0453125
0 0.578125 0.4359375 0.0125 0.0390625
0 0.61640625 0.4453125 0.01015625 0.04609375
0 0.5765625 0.60703125 0.01015625 0.05078125
0 0.5515625 0.63984375 0.01015625 0.0515625
0 0.7609375 0.584375 0.0140625 0.05234375
0 0.89296875 0.58828125 0.0140625 0.0484375
0 0.4625 0.8171875 0.0109375 0.05625