0 0.00588800712552629 0.491724584980972 0.01177601425105258 0.0630411694676523
0 0.016262745030030303 0.6969214209505271 0.022311337235821654 0.07589133794672147
0 0.054812681503726146 0.5179806788591925 0.0105153191836449 0.06213258547526355
0 0.16670362744539177 0.6272522025851887 0.016783499901804166 0.06551225346004123
0 0.19960755191703508 0.47855737600717363 0.01908179810640607 0.057795253954332534
0 0.27283142847866404 0.5182684748283102 0.014467020979043 0.07010425296574958
0 0.29050019662903664 0.5705631452845455 0.015234635440423538 0.06779233646384668
0 0.1381069705349459 0.4385425296574953 0.012068728824565288 0.06063375247145793
0 0.15545355181883921 0.4118991166156335 0.012055093285945872 0.05829000247145792
0 0.2646876512531051 0.440574556349241 0.013576686670087578 0.0513224194676523
0 0.27865067818407646 0.3239282258168933 0.02138918667008758 0.05164075444862428
0 0.322364316747758 0.33196090171033626 0.011269298106406023 0.057476918973360734
0 0.35991431372269583 0.3248951596190016 0.01437157220870695 0.05369800296574958
0 0.39013762402754615 0.3683241660447923 0.017537478824565335 0.06085658695813834
0 0.41733138310273254 0.3952195884781941 0.019872138465485634 0.05938958745242991
0 0.4762205697728201 0.3468258508354838 0.01903634631100797 0.049982753954332715
0 0.4411319765850701 0.4680814269192072 0.016756228824565334 0.060824753460041056
0 0.427782548891973 0.4792590074515548 0.015189183645025394 0.05997983646384668
0 0.43512637451852554 0.694452925930624 0.018409632415361442 0.07651342045623544
0 0.5411360008837628 0.6057816981737455 0.017582930619963476 0.06866908695813834
0 0.42737646527038853 0.9520107579458464 0.020776108313060603 0.0805151709505271
0 0.6495989824388027 0.3640491374130613 0.012073274004105095 0.061415002471457925
0 0.6305954941462675 0.13822146646253416 0.011151123438370903 0.03716441897336074
0 0.9078104164766115 0.5746178587813302 0.01602043061996348 0.06860541996194396