0 0.075 0.4828125 0.01171875 0.05625
0 0.00859375 0.65546875 0.01171875 0.06171875
0 0.08671875 0.6671875 0.0203125 0.0671875
0 0.1203125 0.50390625 0.00859375 0.05546875
0 0.221875 0.5984375 0.01484375 0.05859375
0 0.25 0.46328125 0.0171875 0.0515625
0 0.31640625 0.496875 0.0125 0.0625
0 0.3328125 0.54296875 0.01328125 0.06015625
0 0.19453125 0.4296875 0.01015625 0.05390625
0 0.21015625 0.40546875 0.01015625 0.05234375
0 0.30859375 0.42734375 0.01171875 0.04609375
0 0.3203125 0.321875 0.01875 0.04609375
0 0.359375 0.3265625 0.009375 0.05078125
0 0.39375 0.31953125 0.0125 0.04765625
0 0.42109375 0.3578125 0.01484375 0.05390625
0 0.4453125 0.38046875 0.01796875 0.053125
0 0.4984375 0.334375 0.0171875 0.04453125
0 0.4671875 0.4453125 0.01484375 0.05390625
0 0.45546875 0.45625 0.01328125 0.053125
0 0.4625 0.64921875 0.01640625 0.06875
0 0.5578125 0.565625 0.015625 0.06171875
0 0.4578125 0.88125 0.01796875 0.07109375
0 0.6546875 0.34453125 0.0109375 0.05546875
0 0.6359375 0.14140625 0.01015625 0.0328125
0 0.8875 0.5234375 0.0140625 0.0609375