0 0.2636088515287953 0.29509651336727116 0.014756012820281583 0.04858295066836353
0 0.23901341997342943 0.37055049936345313 0.016536836641599172 0.05328863200190899
0 0.085222794042416 0.47183009400859055 0.015791973945152082 0.054060791335136214
0 0.06677250868194318 0.6121641926718635 0.015301822373575514 0.06030170066836362
0 0.1826992615774273 0.5026357460216353 0.016010297766469693 0.05874829133513622
0 0.22287695946773142 0.6108573260264079 0.02102528349844608 0.06583408533577248
0 0.28639364991443755 0.5998840107017711 0.019317234284234354 0.0626909040022273
0 0.2792167349034068 0.31167548603595285 0.014828787427387446 0.05014545066836362
0 0.327273245242489 0.32082376670908896 0.014574076302516925 0.04467670066836353
0 0.33126723242220746 0.2724589920432708 0.011631012820281584 0.04854658800127272
0 0.39020773883234827 0.29735045138445215 0.01777185090962279 0.04627556333545453
0 0.35267996773989907 0.43043512404517975 0.01390198821317572 0.047011360001590854
0 0.34519495347187545 0.4373754673774525 0.014193086641599174 0.05326136000159085
0 0.41806306513486524 0.342181693387952 0.014156699338046152 0.05248011000159085
0 0.39294755686269756 0.5238220447167249 0.015374596980681332 0.06186420066836362
0 0.4640091118678775 0.3060174740610881 0.012521424730940468 0.0508994286680454
0 0.5095013943328663 0.2768754140674514 0.01312073821317572 0.04700226933481808
0 0.5104924677398991 0.4322714387332697 0.013266287427387446 0.05012726933481808
0 0.5367467526860871 0.44272768073676955 0.011885723945152193 0.05401533800127254
0 0.6198952388323483 0.3000231074156326 0.01468323821317572 0.047020450668363536
0 0.6470291654253154 0.14495434675363236 0.010667826302517013 0.04463124733449995
0 0.5566333753073317 0.601466881405133 0.01630139619489306 0.06499829133513621
0 0.5965841331652145 0.5706986867440873 0.01373932237357547 0.060283519334818084
0 0.5671728848178443 0.9115776780712694 0.020535131926869354 0.07207499466899989
0 0.8943430829175455 0.47577927478513093 0.016718773159363563 0.05719488200190899