0 0.29765625 0.40625 0.01875 0.04296875
0 0.24296875 0.42421875 0.0125 0.0453125
0 0.17890625 0.528125 0.01328125 0.05390625
0 0.259375 0.56640625 0.0125 0.05546875
0 0.3140625 0.41484375 0.01171875 0.0484375
0 0.3171875 0.4421875 0.01328125 0.03984375
0 0.3859375 0.5 0.0109375 0.04921875
0 0.3875 0.58125 0.0125 0.05078125
0 0.35546875 0.66875 0.01328125 0.06328125
0 0.25390625 0.80859375 0.0171875 0.06484375
0 0.2421875 0.853125 0.01484375 0.0671875
0 0.11328125 0.7375 0.015625 0.06328125
0 0.47734375 0.653125 0.01171875 0.05546875
0 0.53828125 0.63359375 0.0140625 0.05390625
0 0.54609375 0.78984375 0.01640625 0.06796875
0 0.5640625 0.7984375 0.01328125 0.06328125
0 0.4828125 0.48125 0.01328125 0.0515625
0 0.48046875 0.45234375 0.0125 0.04921875
0 0.51953125 0.41796875 0.0125 0.04140625
0 0.6546875 0.4546875 0.0109375 0.0484375
0 0.64921875 0.3328125 0.01015625 0.04375
0 0.8546875 0.59296875 0.01328125 0.053125