0 0.29049617233034397 0.425 0.020580665592848747 0.04609375
0 0.23179333802138852 0.44375 0.013563051131468207 0.0484375
0 0.1631746273471959 0.55546875 0.014398843285945873 0.0578125
0 0.24809452801112583 0.59609375 0.013626683645025483 0.059375
0 0.306852425355406 0.43359375 0.01279998184962743 0.0515625
0 0.31058595853289334 0.46328125 0.015093734874689523 0.04296875
0 0.38366438934924846 0.525 0.01202782220870704 0.053125
0 0.3847223744203297 0.61171875 0.013599412567786651 0.0546875
0 0.35058320287555256 0.70546875 0.014453385440423539 0.0671875
0 0.2411167784039093 0.85546875 0.018373270979043 0.06953125
0 0.2283440676315208 0.90234375 0.01604315651766246 0.071875
0 0.09078095599881056 0.77890625 0.016801680619963365 0.06796875
0 0.47958944682542837 0.68828125 0.013626683645025395 0.059375
0 0.5453326214934634 0.66796875 0.015961343285945874 0.0578125
0 0.5529582482514841 0.834375 0.017610201697202222 0.07265625
0 0.5716537060970064 0.84375 0.014453385440423539 0.0671875
0 0.4869030188377437 0.50546875 0.01516191256778665 0.0546875
0 0.4847410760193361 0.47421875 0.013590322208706951 0.053125
0 0.526360949457707 0.4375 0.013540325233769223 0.04453125
0 0.6706603953011767 0.47734375 0.01202327702916719 0.05234375
0 0.6651694402843249 0.346875 0.011210210772388507 0.046875
0 0.8823013563681528 0.625 0.01438975292686635 0.05625