0 0.05546875 0.2882297742148948 0.0203125 0.07402853338609479
0 0.378125 0.3983726861973112 0.0203125 0.07715353338609487
0 0.51640625 0.5888803627612039 0.01796875 0.08880408722616089
0 0.65078125 0.6435641995916533 0.01875 0.08960806927947225
0 0.6421875 0.39537675217807805 0.015625 0.07232964106622682
0 0.84140625 0.5403613285836861 0.0203125 0.08809103338609496
0 0.68515625 0.7183452392459543 0.02421875 0.09367344365265158
0 0.84453125 0.41917665037044083 0.0171875 0.08487510517284953
0 0.85234375 0.4033243298373274 0.01484375 0.07933815901291545
0 0.8515625 0.38928456189063876 0.0140625 0.0730654269596041
0 0.85859375 0.38204872341083673 0.0140625 0.0871279269596041
0 0.89609375 0.4168950848518923 0.0171875 0.08487510517284949
0 0.90859375 0.43215637199891094 0.01953125 0.08494330133278356
0 0.91796875 0.41782108735917484 0.01484375 0.08090065901291546
0 0.92265625 0.40127844503930676 0.015625 0.08092339106622681
0 0.975 0.4794428974674469 0.01796875 0.0786478372261609
0 0.725 0.30234215452707597 0.0125 0.07301996285298147
0 0.76640625 0.3167623557015749 0.01640625 0.07078987311953817
0 0.809375 0.31238709276945115 0.0140625 0.0785341769596041
0 0.8078125 0.3069638068760739 0.0171875 0.07940635517284952
0 0.83359375 0.28590114911679965 0.015625 0.07779839106622681