0 0.0703125 0.29296875 0.01953125 0.071875
0 0.38671875 0.41015625 0.01953125 0.075
0 0.52109375 0.6 0.01796875 0.08671875
0 0.653125 0.6578125 0.01796875 0.0875
0 0.6453125 0.4140625 0.01484375 0.0703125
0 0.83984375 0.5625 0.01953125 0.0859375
0 0.68671875 0.73203125 0.0234375 0.09140625
0 0.84296875 0.44375 0.01640625 0.08203125
0 0.85 0.42890625 0.01484375 0.0765625
0 0.85 0.41484375 0.0140625 0.07109375
0 0.85703125 0.4078125 0.01328125 0.084375
0 0.89375 0.44296875 0.0171875 0.0828125
0 0.90546875 0.4578125 0.01953125 0.0828125
0 0.91484375 0.44453125 0.0140625 0.078125
0 0.91953125 0.428125 0.015625 0.078125
0 0.97109375 0.50625 0.0171875 0.0765625
0 0.72578125 0.32578125 0.0125 0.07109375
0 0.76640625 0.34140625 0.01640625 0.06875
0 0.80859375 0.33828125 0.0140625 0.0765625
0 0.80703125 0.3328125 0.0171875 0.07734375
0 0.83203125 0.3125 0.015625 0.075