0 0.18493060493141247 0.650403962765278 0.016969494007106168 0.05579605832062491
0 0.568057365446862 0.5936162874221533 0.015079445386587231 0.049509690729444424
0 0.10937508423919759 0.5547810318194794 0.015860695386587187 0.04952787452503458
0 0.29367816316286993 0.6052207089655559 0.012817582541716988 0.0510176393426736
0 0.2299376469932108 0.3886313145888891 0.01602779172311406 0.037827308320624996
0 0.6077273750578005 0.5530828596104866 0.01429819538658723 0.04949150693385427
0 0.8502258135469827 0.4781601672655215 0.014093477498762752 0.04558525693385427
0 0.3070114020815934 0.47020992933027805 0.013353171076327719 0.04634832313826394
0 0.30616927634642443 0.3818013927611461 0.015451259610938451 0.04171537452503475
0 0.7044053804848673 0.40984331230777843 0.014751896766068206 0.04325969072944456
0 0.33750116350155424 0.38096624458475725 0.011667840343632996 0.04396820554708327
0 0.2881009497976013 0.4877604520317016 0.013970646766068207 0.04324150693385427
0 0.3432664846233104 0.42021058254066 0.014751896766068206 0.043259690729444425
0 0.08792720940853974 0.44164459897381947 0.020138759610938407 0.041824477298576565
0 0.2042106286758451 0.44669773451677103 0.01249003392119794 0.0447676393426736
0 0.48323746664462897 0.2568592101998268 0.008914654567984215 0.036101154160312454
0 0.13021652872127362 0.5302356267092362 0.014052533921197962 0.044804006933854265
0 0.6638180020361648 0.39325457114149365 0.01368404172311415 0.03777275693385418
0 0.1270682745374021 0.4261293549577432 0.014629066033373573 0.04091594072944442
0 0.5099936391912947 0.3881098634102088 0.010064396766068207 0.043150587955902785
0 0.9482715671650273 0.38344903894076465 0.010722816033373305 0.04082502175149303
0 0.6194095827688596 0.38987434479284777 0.01076375961093845 0.04160627175149303
0 0.4836768006566839 0.3828041143601393 0.01232625961093845 0.04164263934267361
0 0.37843386420366665 0.8387254996187504 0.01795546189493056 0.05972049211621524