0 0.2296875 0.63828125 0.01328125 0.0546875
0 0.603125 0.57421875 0.0125 0.0484375
0 0.15 0.54609375 0.01328125 0.0484375
0 0.334375 0.59140625 0.01015625 0.05
0 0.26015625 0.38046875 0.0140625 0.03671875
0 0.63984375 0.53359375 0.0109375 0.0484375
0 0.87421875 0.45390625 0.01171875 0.04453125
0 0.33984375 0.45859375 0.0109375 0.0453125
0 0.33515625 0.371875 0.01328125 0.040625
0 0.728125 0.390625 0.0125 0.0421875
0 0.365625 0.3703125 0.009375 0.04296875
0 0.321875 0.4765625 0.01171875 0.0421875
0 0.3734375 0.40859375 0.0125 0.0421875
0 0.12265625 0.43515625 0.01796875 0.040625
0 0.2375 0.43828125 0.009375 0.04375
0 0.50234375 0.2453125 0.00703125 0.0359375
0 0.16953125 0.521875 0.01171875 0.04375
0 0.68671875 0.37578125 0.01171875 0.0375
0 0.1609375 0.41953125 0.0125 0.03984375
0 0.53515625 0.37421875 0.0078125 0.0421875
0 0.965625 0.359375 0.0078125 0.040625
0 0.021875 0.61953125 0.0109375 0.04375
0 0.64296875 0.3734375 0.0078125 0.040625
0 0.50859375 0.36875 0.01015625 0.040625
0 0.42890625 0.81953125 0.01484375 0.05859375