0 0.2661224630716643 0.5230058893028364 0.016152879869616398 0.07577792797373277
0 0.32385491680454254 0.39622538330994256 0.01594832832748878 0.06405917797373259
0 0.8497650316599206 0.6403913788989284 0.020045493100140987 0.07520139586155708
0 0.44742878449929424 0.3948819685651929 0.013672762174864595 0.06784259724103806
0 0.7077081708650276 0.7150527849372507 0.018632997564368026 0.08371325870642714
0 0.21268954586337996 0.448264838873295 0.017551738635914305 0.06648481512886235
0 0.08960660186973439 0.4214832536180446 0.022843210632737067 0.05661517017181659
0 0.4265747678602027 0.469639629126071 0.019114238635914306 0.06656670228399228
0 0.14322252557084053 0.39614241689245616 0.01819662094116259 0.05871325870642732
0 0.27258274310343644 0.42168905076822566 0.01270059740221221 0.056864153663473214
0 0.39945929424182214 0.7239210153766896 0.018551176947516977 0.07902575870642732
0 0.31742804424182214 0.7196219397323776 0.020949474025417737 0.08227358943912186
0 0.38494242126876943 0.3908252323600029 0.015907418019063257 0.0617154279737326
0 0.8080077743530246 0.38953820782260073 0.019868215096963925 0.06504514586155699
0 0.6143299123403156 0.4200501441640764 0.015811960632737154 0.056246677973732596
0 0.7519077788172513 0.3779965202379296 0.019840941558013726 0.06348264586155708
0 0.3634492508140742 0.3678038121881863 0.01279605478853849 0.062332903663473174
0 0.5520714200509534 0.35813996438132145 0.01579832386326192 0.05546542797373259
0 0.6073356185088259 0.3727657083884276 0.015167078327488781 0.0640182343961678
0 0.6026402102289953 0.28337565976790857 0.015044347402212211 0.056986984396167804
0 0.5976042881527422 0.5270847161903437 0.016071059252765352 0.07109042797373259
0 0.5792106185088259 0.3712917395960921 0.01985457832748878 0.06426389586155698