0 0.7207224139651688 0.5946161359007318 0.023774465096963838 0.06432612933640894
0 0.09796279829901196 0.518285828652137 0.014317644480112923 0.059529541335136216
0 0.18581340016545106 0.45243301464036484 0.019005144480112923 0.05958408533577266
0 0.7046588575517772 0.44092806190327716 0.020376729707460583 0.04866476666931803
0 0.46750768506848706 0.5132046932686393 0.015057984171687267 0.05719488200190916
0 0.9047639975676633 0.3878286918762329 0.015811960632737154 0.05564147266868176
0 0.7531724496789838 0.5255025092298229 0.015098894480112968 0.05953863200190899
0 0.3872162130716643 0.5039847819462298 0.013495484171687444 0.057176700668363625
0 0.28576853571711025 0.4090909999602291 0.01272787094116259 0.05794886000159085
0 0.5109616302799488 0.5744052752625942 0.019759120941162677 0.05803067600254543
0 0.9841066241908688 0.36191053453218797 0.012550592937985527 0.04779261000159085
0 0.5189531826328551 0.42981039059518517 0.014167640015886107 0.05093579133513622
0 0.3984831753292545 0.6639773999443207 0.01915514894433983 0.06817783533577249
0 0.4804907004897626 0.3958899239338213 0.014317644480112968 0.059529541335136306
0 0.41881681493810347 0.4387864959420936 0.01264605032431163 0.05326136000159085
0 0.424349794645564 0.39029445194145723 0.012632413554836398 0.05248011000159085
0 0.6269020503276069 0.42074337858054944 0.014880706168510116 0.047038632001908984
0 0.4531799525183575 0.30482002860441193 0.012632413554836398 0.05248011000159085
0 0.4695026075517773 0.4436643526018666 0.01267332386326192 0.054823860001590854
0 0.3857548989476351 0.4087086446133206 0.013495484171687444 0.057176700668363625
0 0.6772060133959759 0.44749623524032245 0.01577105032431163 0.053297722668681755
0 0.6171588575517772 0.4419462165818221 0.012686960632737155 0.05560511000159085
0 0.7246946680223585 0.41179454523395914 0.021185253246410872 0.050236357336090796