0 0.721875 0.60625 0.021875 0.06328125
0 0.11015625 0.525 0.01328125 0.0578125
0 0.1953125 0.4609375 0.0171875 0.05859375
0 0.703125 0.45546875 0.01875 0.04765625
0 0.47265625 0.52421875 0.0140625 0.05625
0 0.8984375 0.40625 0.01484375 0.0546875
0 0.75234375 0.5390625 0.0140625 0.05859375
0 0.39375 0.5140625 0.01171875 0.05546875
0 0.2921875 0.41953125 0.0109375 0.05625
0 0.51640625 0.58359375 0.01875 0.05703125
0 0.97578125 0.38203125 0.0109375 0.046875
0 0.521875 0.44296875 0.01328125 0.05
0 0.40703125 0.6703125 0.01796875 0.06640625
0 0.48359375 0.409375 0.01328125 0.0578125
0 0.4234375 0.45078125 0.01171875 0.0515625
0 0.428125 0.403125 0.0109375 0.05078125
0 0.6265625 0.4359375 0.0140625 0.04609375
0 0.4546875 0.31953125 0.01171875 0.05078125
0 0.47265625 0.45625 0.01171875 0.05390625
0 0.390625 0.42109375 0.0125 0.05546875
0 0.6765625 0.46171875 0.0140625 0.05234375
0 0.6171875 0.45625 0.01171875 0.05390625
0 0.72265625 0.42734375 0.0203125 0.04921875