0 0.19156238839432826 0.22394057588823219 0.021171616476935728 0.05016481989237613
0 0.016917349841139507 0.5090132810172466 0.011782979707460539 0.048946922249741044
0 0.27200999878547927 0.45287040467194845 0.014290370941162589 0.05843108416039975
0 0.3775662978919748 0.363178666044488 0.0166341209411625 0.058540246071058635
0 0.3920163559269242 0.2520421129013348 0.012564229707460583 0.048983309553293886
0 0.41647879342774796 0.37359178122213443 0.010275026785361163 0.05199914764263518
0 0.47667595373617344 0.37404985359570997 0.012686960632737155 0.05601455955329389
0 0.4761656647759477 0.49287262820281585 0.01746991801906326 0.06170163337461147
0 0.47886397078230214 0.4726692901134745 0.011905710632737154 0.055978172249740867
0 0.5508401566582728 0.3806316474332382 0.01498980032431163 0.05377997146395268
0 0.5538754277615912 0.296329422040344 0.016552300324311632 0.05385274607105854
0 0.5646083762194636 0.308557594290085 0.01411309293798535 0.04827483416039975
0 0.5303521530048249 0.25535766563020323 0.011029003246410873 0.050473034946188114
0 0.5060339914785834 0.2151307719165095 0.011851163554836397 0.052853172249741044
0 0.6256822439142153 0.30358330396721345 0.013318206168510116 0.047457196856846906
0 0.611393647322782 0.2262930578961549 0.010974456168510116 0.04734803494618802
0 0.6449970799523419 0.1825088246453779 0.010193206168510115 0.04731164764263514
0 0.6995112560890799 0.2397798231976358 0.010261390015886107 0.05121789764263518
0 0.6774827029253946 0.5163230525194714 0.017456281249588024 0.060920383374611475
0 0.8099736489476351 0.4513423695163635 0.015852870941162677 0.05850385876750579
0 0.8708060089317492 0.5049982164970448 0.01353639448011279 0.0599571968568469
0 0.8742873392878326 0.35034710380059775 0.01191934740221221 0.056759422249741044
0 0.5121836164835263 0.9378790672017798 0.01856481371699221 0.07970677067816431
0 0.20862142897940714 0.3216888711735025 0.015989238635914303 0.0663163587675056