0 0.15625 0.2671875 0.0125 0.0515625
0 0.02734375 0.5125 0.009375 0.05234375
0 0.17265625 0.33203125 0.0125 0.05
0 0.1984375 0.384375 0.01484375 0.04921875
0 0.184375 0.421875 0.0125 0.0546875
0 0.21875 0.36953125 0.0140625 0.05546875
0 0.28515625 0.30703125 0.0140625 0.05
0 0.28046875 0.27578125 0.01328125 0.040625
0 0.28828125 0.2546875 0.01328125 0.0453125
0 0.2984375 0.30703125 0.01328125 0.04140625
0 0.303125 0.22265625 0.0109375 0.0484375
0 0.409375 0.28046875 0.01015625 0.04921875
0 0.346875 0.39921875 0.01171875 0.0515625
0 0.3109375 0.43828125 0.009375 0.05234375
0 0.29296875 0.4515625 0.0140625 0.05546875
0 0.41796875 0.375 0.009375 0.053125
0 0.47421875 0.2328125 0.00859375 0.04609375
0 0.58203125 0.25625 0.00859375 0.04765625
0 0.60078125 0.18125 0.01015625 0.03125
0 0.55546875 0.49765625 0.015625 0.05703125
0 0.72578125 0.50546875 0.0140625 0.0578125
0 0.79921875 0.50625 0.0125 0.06015625
0 0.8859375 0.32109375 0.015625 0.053125
0 0.46953125 0.909375 0.02421875 0.07421875