0 0.14647711608416092 0.242571103895034 0.015477761368706489 0.05413807508107791
0 0.0029340338217926786 0.4972295560063545 0.005868067643585357 0.05485114123370209
0 0.16011385174970488 0.31082622605401256 0.0154459278706093 0.053356825081077905
0 0.18522925688290118 0.3659910129856435 0.017726010874414923 0.05183523538950343
0 0.16879383197804138 0.4047944143656153 0.015605095361095288 0.057263075081077905
0 0.2069596768448451 0.35073420576147313 0.017231262357289712 0.058852848620028195
0 0.2791649406850095 0.2863228782447632 0.0170084278706093 0.0533840986200282
0 0.2758144476050918 0.2534285576279122 0.015813342395345754 0.043214211850553054
0 0.2852995355518132 0.2317035620921391 0.016004343383928976 0.04790171185055305
0 0.29400869068500957 0.2865819768647915 0.015813342395345754 0.043214211850553054
0 0.3022933759699927 0.19838254748164247 0.013787927376317732 0.05098580154212753
0 0.4115609466165086 0.2604888555165918 0.01225726087441501 0.051739778003177236
0 0.34006133692095725 0.38432973011120236 0.014728344866803678 0.054905688311602766
0 0.3008741615218059 0.4250814151763942 0.011603344866803677 0.05485114123370209
0 0.28158299205415355 0.4380353827089902 0.01641817885919252 0.05805796185055314
0 0.4160800088600675 0.3606388599808187 0.011667011862998145 0.056413641233702
0 0.4815670404947291 0.21167525446093158 0.010567426882026254 0.04858750446422686
0 0.5930483685556188 0.2386389492653561 0.011412343878220455 0.050163641233702094
0 0.6165760518634356 0.16008725527171047 0.011493256920082118 0.03298977800317719
0 0.5545774816740302 0.4920542755642499 0.018857429353484178 0.060442622158978665
0 0.7331653966930582 0.5029895957740639 0.01732676285158128 0.0611965986200282
0 0.810477313194961 0.5051208859521057 0.01585976334587258 0.06351307508107791
0 0.9090288542211628 0.31217150121122544 0.018666428364900865 0.05575512215897858
0 0.4471616407243782 0.9217360470746054 0.028151516311622337 0.07778012662320535