0 0.15625 0.39765625 0.0140625 0.05390625
0 0.26796875 0.265625 0.01171875 0.05078125
0 0.3578125 0.38046875 0.0125 0.05234375
0 0.1328125 0.45546875 0.0140625 0.05234375
0 0.1171875 0.31328125 0.01171875 0.0453125
0 0.353125 0.4859375 0.01484375 0.0578125
0 0.26953125 0.3171875 0.01171875 0.05390625
0 0.8421875 0.23671875 0.0171875 0.04921875
0 0.446875 0.31640625 0.01484375 0.04609375
0 0.765625 0.4578125 0.0140625 0.05703125
0 0.3140625 0.4578125 0.01328125 0.0515625
0 0.5484375 0.40859375 0.01640625 0.05390625
0 0.62109375 0.29609375 0.01484375 0.05
0 0.50625 0.375 0.0109375 0.05
0 0.59609375 0.1875 0.01640625 0.04375
0 0.86640625 0.4640625 0.021875 0.05859375
0 0.678125 0.4921875 0.0140625 0.05703125
0 0.253125 0.2046875 0.009375 0.0453125
0 0.51171875 0.959375 0.028125 0.08046875
0 0.46953125 0.2921875 0.0125 0.0421875
0 0.11953125 0.3640625 0.0125 0.05390625
0 0.47578125 0.16015625 0.0109375 0.04296875
0 0.46953125 0.18359375 0.00859375 0.0390625
0 0.9953125 0.19375 0.00859375 0.04296875