0 0.16032549379474698 0.36516357530562765 0.017463635855810854 0.057027927973732594
0 0.27032757836943155 0.2215629822484612 0.014974336641599173 0.05378009724103805
0 0.36964483581302965 0.3361810029406761 0.015047111248705036 0.05534259724103805
0 0.1381637034718754 0.4274112697877038 0.017390861248705036 0.05546542797373259
0 0.11558872849326604 0.2790113913390012 0.013938375516728652 0.048270403663473085
0 0.36930669561399254 0.44662385798363025 0.01846320967712849 0.06175637155129756
0 0.27518205231458365 0.27534640151576656 0.0151198858558109 0.05690509724103805
0 0.8681636108344202 0.16047175825620136 0.02037031203449331 0.05250420228399215
0 0.46026552770747775 0.264080273632891 0.017881012820281584 0.04925637155129756
0 0.7992103653825342 0.3951167531678187 0.017645572373575467 0.060934177973732684
0 0.3280802280789813 0.4190244804394389 0.015791973945152016 0.054602290818602836
0 0.5702463033480409 0.3554278906616327 0.019807385855810898 0.057150758706427315
0 0.6405694578151016 0.23426886363783977 0.018062949338046152 0.05316262155129756
0 0.5248588746881591 0.3225644810052658 0.014156699338046152 0.05295790366347308
0 0.608694411496374 0.12159844527504553 0.0193343509096227 0.046994508706427275
0 0.9049702138109577 0.39583937019656046 0.02627570967712849 0.06216580732694625
0 0.7094779313459689 0.4358446517429092 0.01686432237357547 0.06089323439616763
0 0.2517188194780914 0.1583193537997587 0.01233948821317572 0.04740726650834341
0 0.5587097214594434 0.9316528759623116 0.03354455417661058 0.0843683559474652
0 0.48175738399378404 0.23789290988350958 0.015318938998963994 0.04444604081860284
0 0.12044320243841813 0.3327948106063066 0.015864748552257925 0.05616479081860284
0 0.4823844685684685 0.10002441768542569 0.013792826302517014 0.04514540366347316
0 0.47648122497860934 0.12461165988350956 0.011303527088305287 0.04189757293077854