0 0.7258029341360048 0.22248080069175424 0.01282725292686635 0.0569780420933748
0 0.3611268348981306 0.3491537766612951 0.017532933645025485 0.06037605787839038
0 0.1567529522863774 0.3071692159403073 0.023010774004105096 0.06225707629424182
0 0.6566211420797229 0.30070378220531563 0.019122704722264315 0.06515456314006221
0 0.9021972624930319 0.24110345612283535 0.01282725292686635 0.0569780420933748
0 0.49488264871902227 0.7162363188958443 0.01605224687674216 0.07434755261671847
0 0.3081659822424109 0.1897934581889739 0.015189183645025483 0.06023954998588259
0 0.8079846959416657 0.05759227708481811 0.011214755951928269 0.04829328683170293
0 0.029622825724748426 0.277867394766563 0.016747138465485666 0.05954930524755442
0 0.35436881655136626 0.16835880296965433 0.015171002926866173 0.05711454998588259
0 0.6716063135263042 0.14129098485026897 0.011977825233769224 0.045213789462538845
0 0.4213467174116879 0.3347125740869289 0.012840888465485634 0.059321792093374806
0 0.9589659338414173 0.019899645190086034 0.012790891490547551 0.03979929038017207
0 0.667513711165172 0.1735497480044486 0.013581231849627428 0.05233604472421072
0 0.3385034429166035 0.07634560821720875 0.012804527029167189 0.0530717920933748
0 0.4718785034178456 0.24039415571342976 0.014380662567786473 0.05550654735504672
0 0.7369444463344491 0.3210170112292154 0.015988614363184793 0.06341005261671846
0 0.375017138956465 0.24369273193708435 0.01516191256778665 0.05555204998588259
0 0.9309904038853837 0.12462161141274204 0.012009641490547552 0.05068253946253885
0 0.6049824157892404 0.04832921110215849 0.01279998184962743 0.0522905420933748
0 0.9097602984991895 0.14928768244531201 0.013617593285945872 0.058586044724210716
0 0.45171547346181207 0.3501254714843279 0.016769864363184794 0.06345555524755442
0 0.7324296631569618 0.29160252701423095 0.015157367388246712 0.05477079998588259