0 0.69140625 0.30234375 0.0109375 0.0515625
0 0.35859375 0.39765625 0.015625 0.05390625
0 0.17109375 0.3484375 0.02109375 0.05625
0 0.51953125 0.04296875 0.01171875 0.040625
0 0.62890625 0.36953125 0.0171875 0.05859375
0 0.853125 0.328125 0.01171875 0.0515625
0 0.4828125 0.740625 0.01484375 0.0671875
0 0.309375 0.24921875 0.01328125 0.0546875
0 0.765625 0.15546875 0.01015625 0.04375
0 0.0546875 0.315625 0.01484375 0.053125
0 0.3515625 0.2328125 0.0140625 0.0515625
0 0.6421875 0.22421875 0.01015625 0.040625
0 0.41328125 0.3875 0.0109375 0.053125
0 0.90390625 0.12421875 0.01171875 0.0453125
0 0.63828125 0.25390625 0.0125 0.046875
0 0.3359375 0.14765625 0.01171875 0.0484375
0 0.459375 0.30390625 0.0125 0.05
0 0.70234375 0.3921875 0.0140625 0.05703125
0 0.37109375 0.30234375 0.01328125 0.05
0 0.8796875 0.22265625 0.0109375 0.04609375
0 0.5796875 0.1359375 0.0109375 0.04765625
0 0.86015625 0.24453125 0.01171875 0.053125
0 0.44140625 0.403125 0.01484375 0.05703125
0 0.6984375 0.36484375 0.01328125 0.04921875