0 0.6832673648810351 0.37890625 0.017297042627625103 0.06171875
0 0.41739454489093275 0.74140625 0.019391809135968607 0.071875
0 0.26703153324382944 0.40546875 0.01783263116223601 0.05703125
0 0.16474641621508765 0.3 0.016188244007106167 0.05546875
0 0.6952704771600786 0.1796875 0.020548195386587052 0.04921875
0 0.031831017639997156 0.39140625 0.01795546189493057 0.059375
0 0.5989200203535306 0.31875 0.01919041327441153 0.053125
0 0.53161409090946 0.15703125 0.014461969696846743 0.05234375
0 0.9389286239261466 0.13671875 0.01602446969684692 0.05234375
0 0.9125631184990798 0.28203125 0.0161063568519765 0.05390625
0 0.8794330359573628 0.3328125 0.017051381162236014 0.05703125
0 0.5574451713034703 0.3796875 0.02108046189493056 0.059375
0 0.4051666983272633 0.30390625 0.020998574739800803 0.0578125
0 0.45648021483560663 0.29375 0.01824538896415202 0.05
0 0.7854683519907364 0.2921875 0.015406994007106257 0.05546875
0 0.7278129822484611 0.259375 0.016270131162236013 0.05703125
0 0.25015937302163554 0.1609375 0.012858526119281777 0.0515625
0 0.2761652730670641 0.24609375 0.0137626068519765 0.05390625
0 0.48055395918139715 0.01328125 0.013069888059640888 0.02578125
0 0.37221035617460785 0.39609375 0.020957631162236014 0.05703125
0 0.5763699909548885 0.2421875 0.015860695386587055 0.04921875
0 0.5649002244465451 0.25234375 0.012694751809022265 0.0484375
0 0.3866446703989591 0.40390625 0.020340155472495437 0.06015625