0 0.71875 0.3875 0.01328125 0.05625
0 0.49296875 0.71875 0.0140625 0.065625
0 0.3390625 0.4125 0.01328125 0.05234375
0 0.240625 0.315625 0.01171875 0.05078125
0 0.7203125 0.20625 0.01640625 0.0453125
0 0.12265625 0.39921875 0.0140625 0.0546875
0 0.6390625 0.3328125 0.01484375 0.04921875
0 0.56953125 0.18515625 0.0109375 0.04765625
0 0.94140625 0.1671875 0.0125 0.04765625
0 0.92421875 0.3 0.0125 0.04921875
0 0.89609375 0.3453125 0.0125 0.05234375
0 0.60390625 0.38828125 0.01640625 0.0546875
0 0.4609375 0.31953125 0.01640625 0.053125
0 0.50703125 0.31015625 0.0140625 0.04609375
0 0.8078125 0.30859375 0.0109375 0.05078125
0 0.75390625 0.27890625 0.01171875 0.05234375
0 0.01796875 0.3921875 0.015625 0.05390625
0 0.31171875 0.1890625 0.009375 0.046875
0 0.3390625 0.26640625 0.01015625 0.04921875
0 0.515625 0.046875 0.0109375 0.03984375
0 0.434375 0.40390625 0.01640625 0.0515625
0 0.6140625 0.2625 0.0125 0.04453125
0 0.6046875 0.271875 0.009375 0.04453125
0 0.4484375 0.4109375 0.015625 0.0546875