0 0.15546875 0.3875 0.0203125 0.05078125
0 0.87578125 0.375 0.0125 0.04921875
0 0.61015625 0.40859375 0.01015625 0.05078125
0 0.31640625 0.38984375 0.01328125 0.0515625
0 0.51484375 0.68984375 0.015625 0.0625
0 0.4390625 0.321875 0.0125 0.0515625
0 0.484375 0.40625 0.01328125 0.0546875
0 0.28671875 0.33046875 0.0140625 0.05546875
0 0.28203125 0.20078125 0.01484375 0.04609375
0 0.96171875 0.3328125 0.01328125 0.0515625
0 0.61875 0.36796875 0.0125 0.0453125
0 0.978125 0.17109375 0.01171875 0.0421875
0 0.55859375 0.26484375 0.0125 0.04140625
0 0.68515625 0.25703125 0.01171875 0.04375
0 0.5765625 0.33671875 0.0171875 0.0484375
0 0.02109375 0.3765625 0.01171875 0.053125
0 0.375 0.2859375 0.0109375 0.05
0 0.7046875 0.26640625 0.0109375 0.04921875
0 0.5125 0.40234375 0.01328125 0.04921875
0 0.74140625 0.2109375 0.01015625 0.04921875
0 0.54375 0.03203125 0.00703125 0.03671875
0 0.51328125 0.34609375 0.01328125 0.05078125
0 0.63671875 0.2703125 0.01171875 0.04140625
0 0.5 0.20859375 0.0109375 0.04296875