0 0.13017290863041847 0.36174260771838496 0.02407151136870649 0.054797587946721474
0 0.903037405664669 0.3791952708346088 0.015445927870609211 0.053666169467652305
0 0.620158580075237 0.4043266275272295 0.013165844866803767 0.05513316897336078
0 0.30370590912471007 0.37115339429596245 0.016322678364900867 0.05604175296574958
0 0.5293213103407547 0.7016871057783997 0.019925180836358792 0.06788783695813834
0 0.4319635603035737 0.3030639219762913 0.016322678364900867 0.056041752965749494
0 0.4849068295809456 0.3964756823564146 0.01645001235728962 0.05916675296574958
0 0.26906431228074 0.30578572087397743 0.0172630958553869 0.05997983646384668
0 0.25792919961943916 0.16650038638729703 0.017630510380123355 0.04985541996194391
0 0.9930071951708148 0.3376709571081751 0.01398560965837028 0.05526050296574958
0 0.6269696541817942 0.3609267960062986 0.015254926882026254 0.0489786694676523
0 0.9981708857508419 0.16480646007392458 0.003658228498316163 0.04484958498097198
0 0.5576055474519924 0.24734711566423143 0.015095759391540042 0.0450724194676523
0 0.6939741289729232 0.24432422783124066 0.014410009885831698 0.047384335969555116
0 0.5802883137636148 0.32548670311666134 0.02088284437251211 0.05310775395433272
0 0.3616537188968111 0.2619813241437381 0.0138834278706093 0.053602502471457925
0 0.7147004644481868 0.2553081487817678 0.01466467787060921 0.053634335969555115
0 0.5144033285923624 0.3929978552841081 0.01700842787060939 0.05372983646384668
0 0.7513117850947026 0.19674357368662757 0.013102177870609388 0.053570668973360734
0 0.5135146492388782 0.3329052722803024 0.016290844866803766 0.05526050296574958
0 0.6414539654367699 0.25700329996063137 0.014314509391540043 0.04504058596955511
0 0.4926543680985083 0.18464418581645575 0.014378176387734597 0.04660308596955511