0 0.7909964372249684 0.2789633081331938 0.01978325939154004 0.04494947729857639
0 0.4420881160469799 0.6242641564414233 0.017980678859192523 0.05817617591180557
0 0.6382295814837498 0.38866822929534667 0.014887512357289624 0.05888469072944451
0 0.7620809169590134 0.3756389395920827 0.01700842787060939 0.05347049211621524
0 0.4306399159704302 0.3880363689223607 0.01857092787060921 0.0535068597073959
0 0.7198628779471591 0.16666463630545078 0.011285009885831698 0.047093205547083364
0 0.6137362588600676 0.33850522834541613 0.013947094866803766 0.05496025693385418
0 0.1280096644875554 0.4021047478157985 0.014696511368706488 0.05419719072944455
0 0.41609193771926006 0.28534778001652744 0.01460101087441501 0.05185344072944442
0 0.8890413008748524 0.1330676202535409 0.012688342395345841 0.043223323138263894
0 0.7256406926621759 0.2547276807583675 0.015541428364900866 0.05577787452503476
0 0.6624403557040376 0.27336988440558974 0.012847509885831698 0.047129573138263936
0 0.2722238739928263 0.19581576738309003 0.013756093878220544 0.050272756933854176
0 0.08317200836577594 0.3531957755512152 0.01932034437251211 0.05274379350298606
0 0.7192023502668301 0.2978055335319091 0.01460101087441501 0.05185344072944442
0 0.520022045437645 0.16741343797656208 0.011125842395345842 0.043186955547083364
0 0.4826082756659815 0.261945341186944 0.0167537598858317 0.04722049211621524
0 0.922121761825817 0.3172783128828464 0.01700842787060921 0.05347049211621524
0 0.4811293473010806 0.31739590739135376 0.016849260380123354 0.04956424211621524
0 0.81999818771926 0.27594675769635346 0.014505510380123354 0.049509690729444424
0 0.8639511175670357 0.2124830165300687 0.017312175399151288 0.041769925911805575
0 0.72987325342286 0.3615589090068744 0.015382260874415011 0.05187162452503476
0 0.9008688443353311 0.32167552536378397 0.014728344866803767 0.054978440729444425