0 0.4683452392459543 0.6652603136892526 0.019119724531464044 0.06710658695813834
0 0.527773029691678 0.39284680281483775 0.015812868104973177 0.06072925296574958
0 0.34114520790492353 0.39733000886006753 0.014827029625171129 0.053666169467652305
0 0.565944282594672 0.26097737889856115 0.01852869114536908 0.04679408695813834
0 0.6393423301665319 0.20570494707361914 0.01540369114536908 0.046666752965749556
0 0.8727672809453194 0.3897138966558772 0.017398100158284534 0.06157416996194387
0 0.12705997585161216 0.4068336373386991 0.017057119358614425 0.04985541996194383
0 0.965012268408907 0.2767098778727969 0.012619671945039102 0.05825816897336074
0 0.6715541219324039 0.41273885566685653 0.014136707838416385 0.0567593359695552
0 0.9259066528112164 0.3602373022833651 0.01838393863808676 0.06863725346004115
0 0.0347133514784328 0.4160587401141682 0.018596887305303112 0.04913783695813834
0 0.5970829708370473 0.34398353848038166 0.017952029625171128 0.05379350346004106
0 0.7030471289920329 0.16175201722584345 0.012324155251991797 0.04810191897336073
0 0.7033784349436699 0.33809168273916307 0.016389529625171307 0.05372983646384668
0 0.7069376924655174 0.40349384825248275 0.013355457838416384 0.05672750247145793
0 0.46415211355262664 0.19255498414548816 0.01478156551854859 0.052103669467652346
0 0.20922893283209887 0.18421453802327117 0.01852869114536908 0.04679408695813829
0 0.760066355635068 0.2671133378723594 0.013909387305303157 0.0489468359695552
0 0.9599336264847504 0.12943562984996326 0.013909387305303157 0.04894683596955511
0 0.34730794286122874 0.265984508365776 0.013954851411925784 0.0505093359695552
0 0.44991010563506784 0.2797512366169461 0.01946906551854859 0.05229467045623544
0 0.44746706723440804 0.25644107060933485 0.012187762932123647 0.043414418973360736
0 0.6922279862764534 0.319037935210621 0.013309993731793845 0.055165002471457926