0 0.21728824806001468 0.3941505425090765 0.018634594866803765 0.055356003460041145
0 0.2629999960828483 0.38665371889681105 0.017598676882026078 0.049074169961943956
0 0.3227145301889679 0.5505371467674204 0.022318010380123356 0.050046420950527096
0 0.36690092889637355 0.46732274015134934 0.016290844866803766 0.05526050296574958
0 0.3702050010257642 0.41442057463802967 0.01307034437251211 0.05278941897336083
0 0.4187645178316782 0.49595441752766706 0.020787343878220454 0.05076400395433254
0 0.4975261877936221 0.5147627673373866 0.014074428859192523 0.05829000247145792
0 0.5307671107213154 0.5457554407593717 0.017135761862997968 0.05685483646384668
0 0.5107199130790427 0.3983074377936221 0.014346342889637497 0.045821835969555115
0 0.5617293147521979 0.3294101991623286 0.010440092889637497 0.04566266847906917
0 0.6047935652464895 0.3335047915576744 0.014091674904859807 0.0395718359695552
0 0.5819409970714315 0.4043292861204669 0.01691292737631773 0.05138608646384668
0 0.5856721976422727 0.17049545558811924 0.010185424904859807 0.03941266847906917
0 0.6170468034206724 0.6725036245614799 0.013388679353484178 0.06060191897336083
0 0.6606801038012333 0.5182909684397006 0.01616351087441501 0.05213550296574958
0 0.6686225963868596 0.4835167204168668 0.01616351087441501 0.05213550296574958
0 0.7612809871855998 0.3648396576790163 0.011380510380123355 0.04960075197716636
0 0.7815563365010277 0.44132124463715455 0.013165844866803767 0.055133168973360826
0 0.899290323155155 0.3829423533441228 0.015032092395345842 0.04350991946765239
0 0.9584026793906653 0.4937644482109265 0.01700842787060921 0.05372983646384668
0 0.8690576309872705 0.6554739279449715 0.01967051285158128 0.061637836958138334
0 0.889850292051966 0.6298027658916929 0.021105678859192522 0.05857650395433254
0 0.5396406809107209 0.8783769397707883 0.01758143083635879 0.06779233646384668
0 0.018627913573334327 0.3805960839923888 0.008287343878220527 0.0502546679847776