0 0.010166107449577824 0.4692221673297274 0.014218756623421957 0.049364200668363625
0 0.15616314292894035 0.38083982531031924 0.01957837921876022 0.04630283533577266
0 0.2148412276826634 0.3106540473026832 0.013301097367594838 0.04544886000159085
0 0.2909523159797655 0.4792307772915473 0.015136415879249122 0.05327954133513622
0 0.31803814955236226 0.3297574886219111 0.01723462921876031 0.04627556333545444
0 0.33721968077055553 0.45135976861872945 0.015163697730414505 0.054060791335136214
0 0.3165773093563436 0.5281313539545021 0.02052332032575279 0.05099942600254544
0 0.45978668385059845 0.16176946260345745 0.013891374409436708 0.039989200668363534
0 0.39922366216623406 0.3530217186107753 0.010230661069925696 0.046974997334499946
0 0.3698163820443491 0.6360614852800934 0.024702388837407073 0.05885737933640893
0 0.4877429481089327 0.7924376599300033 0.02171379809323426 0.06272726666931802
0 0.4902678136175128 0.3176012919319122 0.010957347367594749 0.04542158800127263
0 0.5019047180640166 0.31980868193032136 0.011711315516429366 0.0446494286680454
0 0.554191415161459 0.3879223352562308 0.017797624409436708 0.04003465400222721
0 0.6240971765942043 0.331662697247004 0.011793161069925695 0.04699317866804531
0 0.6400594824919869 0.29945872457832223 0.014136911069925696 0.04702045066836362
0 0.5825321807705556 0.4485052992520947 0.014027783665263981 0.043895450668363624
0 0.6159523159797655 0.4754490599140949 0.014355165879249121 0.053270450668363625
0 0.590840699374877 0.5460251892505038 0.01904266587924912 0.05332499466899989
0 0.6725594361280332 0.6434718065722771 0.014627984390903492 0.061082950668363625
0 0.6761755425661207 0.3833791912396861 0.01510913402808356 0.0524982913351363
0 0.7905108610777749 0.37423945389086866 0.01739832032575279 0.05096306333545444
0 0.9135788280454831 0.2939332412078694 0.014836315516429366 0.0446857913351363
0 0.9350768274125109 0.4162894992043696 0.014218756623422025 0.049364200668363625