0 0.03359375 0.471875 0.0125 0.0484375
0 0.17421875 0.38515625 0.01796875 0.0453125
0 0.2296875 0.3171875 0.01171875 0.04453125
0 0.3109375 0.484375 0.01328125 0.05234375
0 0.33359375 0.33671875 0.01484375 0.0453125
0 0.35625 0.45703125 0.01328125 0.053125
0 0.3390625 0.53359375 0.01796875 0.05
0 0.46796875 0.17265625 0.0125 0.0390625
0 0.41484375 0.3609375 0.00859375 0.04609375
0 0.39453125 0.63984375 0.021875 0.0578125
0 0.5171875 0.79609375 0.01875 0.06171875
0 0.503125 0.3265625 0.009375 0.04453125
0 0.51484375 0.32890625 0.01015625 0.04375
0 0.56875 0.39765625 0.01640625 0.0390625
0 0.6359375 0.34296875 0.01015625 0.04609375
0 0.65078125 0.3109375 0.0125 0.04609375
0 0.59921875 0.4578125 0.0125 0.04296875
0 0.6328125 0.484375 0.0125 0.05234375
0 0.61015625 0.55390625 0.0171875 0.05234375
0 0.69453125 0.65078125 0.0125 0.06015625
0 0.6890625 0.39375 0.01328125 0.0515625
0 0.80234375 0.3859375 0.01484375 0.05
0 0.92109375 0.3078125 0.01328125 0.04375
0 0.946875 0.4296875 0.01171875 0.0484375