0 0.18359375 0.4875 0.03125 0.1328125
0 0.546875 0.4171875 0.02578125 0.128125
0 0.63515625 0.4890625 0.02578125 0.12578125
0 0.29609375 0.3875 0.03125 0.1328125
0 0.353125 0.53203125 0.03359375 0.13671875
0 0.20234375 0.29921875 0.02734375 0.12265625
0 0.8390625 0.36796875 0.03203125 0.128125
0 0.40390625 0.415625 0.0265625 0.1234375
0 0.17421875 0.33984375 0.02734375 0.140625
0 0.7359375 0.05703125 0.02578125 0.1140625
0 0.3359375 0.7109375 0.02890625 0.11640625
0 0.68984375 0.07421875 0.02734375 0.11484375
0 0.7125 0.06640625 0.03125 0.11953125