0 0.1657266266868715 0.4455857316532357 0.03947670616793504 0.1462937378997516
0 0.5668650299522489 0.37056002321853815 0.03306301506094247 0.14156987646343316
0 0.6609572811333753 0.4508111254814745 0.03295388765628075 0.13844487646343318
0 0.29301086770119683 0.33614762002052545 0.03947670616793504 0.1462937378997516
0 0.34991808821228415 0.4966674843837101 0.04198414727492761 0.1509948734383709
0 0.1932688172457099 0.23867265632127072 0.035188510251619044 0.13533351200205254
0 0.8890326958314979 0.3192985468298598 0.04009426506094229 0.14161078307929137
0 0.4098610618034143 0.3688651921310366 0.03365329210278443 0.13610567164297294
0 0.16121771987811512 0.28380789431921816 0.03511658838192018 0.1556414668225127
0 0.7868997992743606 0.021769040976127335 0.02929811960011346 0.03375737646343312
0 0.3242930617185963 0.6934334000747547 0.035724223591130234 0.1283068071815924
0 0.735037198911541 0.030062809126499952 0.029925602176918177 0.05172612646343312
0 0.7601463263162026 0.02708325487177383 0.03595734736759475 0.04551248789975158