0 0.6304831982109265 0.9363985039088248 0.024453513345872934 0.06340851502711473
0 0.6046515741809191 0.7435342930382405 0.021360346843970035 0.06417158430895534
0 0.5095234634967847 0.6143694886853185 0.01651367935348418 0.06023806323171641
0 0.4909697816718426 0.5425853922761148 0.01573242935348418 0.06023351805217665
0 0.4095659313678315 0.4625711602300956 0.015445927870609211 0.05320226805217683
0 0.511822156653252 0.3447609706331417 0.012847509885831698 0.046938632513557364
0 0.598200008440138 0.43177918160192197 0.016004343383928976 0.04773806323171659
0 0.6500291052841081 0.495555335290914 0.017103928364900867 0.05555510841125635
0 0.6296489852084335 0.3214138533430908 0.013469592395345842 0.043036927693097124
0 0.6651235701894054 0.32902182026379945 0.015063925893442942 0.04382726805217674
0 0.6811398424325269 0.43442239257070236 0.018093425399151285 0.04150169877033605
0 0.7143104866913081 0.32795422395279145 0.01200259288963732 0.04537158733401751
0 0.7346507974891734 0.6161854769778536 0.018602761368706488 0.054001698770336046
0 0.8083164491623286 0.5446462993829523 0.01716759536109542 0.05711760841125635
0 0.8176967663488035 0.4680110765103153 0.014792011862998323 0.056322722872636885
0 0.879717899770351 0.7052065494811481 0.01598709733826169 0.06648351805217664
0 0.8867677599230127 0.43713326035173256 0.01688109387822081 0.050086358411256346
0 0.9969876943243949 0.6826134111138583 0.006024611351210041 0.061800563231716586
0 0.9681278478697344 0.4585401068591322 0.015605095361095066 0.05710851805217665
0 0.9856761507217531 0.31387250147293794 0.0160043433839288 0.04773806323171659
0 0.14590663247014538 0.6274250423508694 0.021791428364900868 0.05558237948849527
0 0.2776845785923624 0.3711290696746242 0.013724260380123355 0.04928692769309713
0 0.29345415863041846 0.35540862090428826 0.013134011368706488 0.05396988251355737
0 0.5454610331175364 0.1538950761175319 0.01090300790866543 0.03755454215447771
0 0.044935745588556765 0.37404603317748725 0.011907092395345754 0.043027837334017514