0 0.4859375 0.76171875 0.0171875 0.05625
0 0.63515625 0.56328125 0.01328125 0.059375
0 0.51015625 0.50234375 0.015625 0.05703125
0 0.5171875 0.415625 0.015625 0.0515625
0 0.54921875 0.40390625 0.009375 0.05
0 0.578125 0.3453125 0.0109375 0.046875
0 0.571875 0.2953125 0.00859375 0.04296875
0 0.51484375 0.146875 0.01015625 0.04140625
0 0.09921875 0.38359375 0.01171875 0.05
0 0.1796875 0.3140625 0.01484375 0.03984375
0 0.2 0.2921875 0.0109375 0.04765625
0 0.2546875 0.30390625 0.01015625 0.05
0 0.24609375 0.396875 0.01796875 0.0546875
0 0.21875 0.45078125 0.015625 0.0546875
0 0.27421875 0.58046875 0.01328125 0.0609375
0 0.3140625 0.4390625 0.01171875 0.05
0 0.3875 0.4171875 0.0140625 0.05390625
0 0.38203125 0.375 0.0125 0.03984375
0 0.39453125 0.32109375 0.01328125 0.04609375
0 0.4171875 0.32109375 0.01640625 0.04140625
0 0.43515625 0.30546875 0.01640625 0.04140625
0 0.72109375 0.30703125 0.01171875 0.05
0 0.92421875 0.31875 0.0140625 0.0484375