0 0.41159550832859493 0.7765357390531333 0.02207792984777566 0.06363756577089816
0 0.5861975547920041 0.5658697967903492 0.016768347338261692 0.06722529735504672
0 0.44990456912646015 0.4898015785015547 0.019766013345872933 0.0642823078783902
0 0.46163258939241525 0.394162854809914 0.019511345361095424 0.05803230787839029
0 0.4981112588600675 0.3829747258283665 0.013197678364900867 0.056105786831702885
0 0.5327846892021347 0.3199965836926394 0.01463284437251211 0.0530717920933748
0 0.5272642010651328 0.2632915573842801 0.012129926882026253 0.04902903420086702
0 0.4714492356655439 0.09558884691740618 0.012815676387734598 0.04673078683170293
0 0.0034025722436683246 0.3311967920933748 0.006805144487336649 0.056242294724210676
0 0.09124844661650858 0.2590403420086702 0.018188925893442964 0.044705555247554415
0 0.11489153505752166 0.23614116830291199 0.0146646778706093 0.053853042093374805
0 0.1752878655898693 0.2529716235081141 0.013197678364900867 0.056105786831702885
0 0.16171084384103945 0.355550591938083 0.022014262851581277 0.06207506577089816
0 0.1280096644875554 0.41388673670464604 0.01967051285158128 0.06193855787839038
0 0.1846523008376714 0.56127694717152 0.016832014334456025 0.06878779735504673
0 0.23558208395520772 0.4068393471291677 0.015541428364900866 0.056242294724210676
0 0.3170376723962208 0.3873073681052679 0.0172630958553869 0.06023954998588259
0 0.31347893228205254 0.34011384968941644 0.015063925893442942 0.044523544724210676
0 0.32917952813743945 0.2815123944136272 0.01691292737631773 0.05164579998588259
0 0.35499261163553664 0.2822327312312127 0.0198469263877346 0.04714031050922625
0 0.3760054485936749 0.2662282996329467 0.01984692638773451 0.04714031050922625
0 0.6931292815974806 0.2862648677523321 0.014760178364900867 0.0561967920933748
0 0.9183693621298282 0.31269637806391426 0.017821511368706668 0.05481630261671846