0 0.4980663165530707 0.8041117688202615 0.019291516639091455 0.0765134204562357
0 0.2082128839235108 0.747020874524299 0.01760628571381497 0.06941850346004105
0 0.33171679342115745 0.6216773177179474 0.019813668019063257 0.061701503954332715
0 0.24158489691244958 0.46733071593106157 0.013536394480112967 0.05988433596955502
0 0.3387717682606493 0.35496732018940536 0.014140366476935728 0.049759919467652305
0 0.3438723254848197 0.33409640467608576 0.009521050324311631 0.05347516847906917
0 0.49491622280430636 0.6236430188202613 0.026844918019063257 0.061988005437207505
0 0.49523382264215066 0.5971123523183586 0.01240058847375849 0.039540002471457926
0 0.597394566149329 0.5013462075652856 0.02267956939903506 0.046985087946721474
0 0.6091309070587194 0.45810554353484073 0.013372753246410874 0.0505093359695552
0 0.7274832609537534 0.6190669012532257 0.012768781249588024 0.06063375247145793
0 0.8252094691508585 0.7612318380210835 0.018373898944339828 0.06866908695813834
0 0.9713933534879968 0.36981495364813394 0.01570286647693564 0.04982358646384668
0 0.9685899074657562 0.29865753665193956 0.013331842937985528 0.048165585969555114
0 0.8238910620921391 0.32789275600586115 0.017074451704283435 0.03894975346004115
0 0.561926850241586 0.30316603414330057 0.015607409090609536 0.04435483646384668
0 0.481458100241586 0.2998871838392894 0.01176934293798535 0.04810191897336073
0 0.485200709007884 0.29067135132977534 0.006218772321134302 0.04319158448668041
0 0.4486649655007057 0.3891115099230128 0.01573014001588611 0.05138608646384668
0 0.5036528798696163 0.09546893927649687 0.012414225243233722 0.04032125247145792
0 0.04862187540209416 0.5492479249048599 0.017442644480112922 0.06004350346004124
0 0.1418791773512588 0.39066344517081486 0.01729264001588602 0.05144975346004106
0 0.15651264731948672 0.289769448630856 0.014826159090609536 0.04432300296574958
0 0.19102401501423844 0.2989826225471326 0.01645684293798535 0.04829291996194396