0 0.5078125 0.7203125 0.01640625 0.06875
0 0.24453125 0.6796875 0.01484375 0.0625
0 0.35859375 0.5609375 0.0171875 0.05546875
0 0.27890625 0.42421875 0.0109375 0.05390625
0 0.36953125 0.31796875 0.01171875 0.0453125
0 0.375 0.29921875 0.0078125 0.0484375
0 0.5078125 0.55703125 0.0234375 0.05546875
0 0.50859375 0.5328125 0.0109375 0.03515625
0 0.603125 0.4421875 0.01953125 0.0421875
0 0.6140625 0.4015625 0.01171875 0.0453125
0 0.71953125 0.54375 0.0109375 0.0546875
0 0.80625 0.66953125 0.015625 0.06171875
0 0.94609375 0.30859375 0.01328125 0.0453125
0 0.94453125 0.24375 0.01171875 0.04375
0 0.81171875 0.27578125 0.01484375 0.034375
0 0.57421875 0.26328125 0.01328125 0.03984375
0 0.5 0.26328125 0.01015625 0.04296875
0 0.50390625 0.2546875 0.0046875 0.0390625
0 0.46953125 0.3453125 0.01328125 0.04609375
0 0.52421875 0.0765625 0.01015625 0.0359375
0 0.1015625 0.50625 0.01484375 0.05390625
0 0.18984375 0.3578125 0.01484375 0.04609375
0 0.20390625 0.265625 0.01328125 0.03984375
0 0.2359375 0.27265625 0.0140625 0.04296875