0 0.5541076577942087 0.7450768279596559 0.01995395169720222 0.0735659325888232
0 0.17830017847866406 0.4985893955757206 0.012849978824565244 0.06073844685684691
0 0.2143427384889268 0.34460821691583876 0.015180093285945873 0.058503858767505613
0 0.2242131630587659 0.2590153192732036 0.01828691256778665 0.05552440798171734
0 0.4056727621984443 0.08029735215247708 0.013481237899751619 0.03499358416039979
0 0.4494949641902341 0.20009827584996015 0.01124202702916719 0.052853172249741044
0 0.4529921480316513 0.2702288393321955 0.011205665592848746 0.046603172249741046
0 0.47356320238457333 0.3590901321362664 0.015947707747326588 0.05619649607105863
0 0.4408501754536019 0.4777695115819364 0.014412478824565155 0.06081122146395259
0 0.5202331484244347 0.5264017566195378 0.01600224990180408 0.06557149607105864
0 0.5331568918833313 0.18448608436979677 0.013572141490547729 0.05061858416039984
0 0.5472921147559682 0.17133111290584407 0.011214755951928269 0.048165672249741
0 0.5582972715682182 0.2934415533525501 0.020630662567786652 0.05563356989237613
0 0.5826791271508042 0.39852715963885643 0.012059638465485634 0.059139559553293884
0 0.6498444221339522 0.26496548883685744 0.01043805113146803 0.04891053494618811
0 0.6584836239293503 0.25675272849777525 0.011269298106406112 0.05754067224974104
0 0.6932676900879331 0.18483918714144637 0.011219301131468028 0.048946922249740996
0 0.8348830183467644 0.1423155851983663 0.013563051131468029 0.04905608416039979
0 0.8343330516224474 0.23684683519836627 0.012027822208706952 0.05367080955329388
0 0.9152694342342006 0.28696880562886173 0.01676986436318444 0.06326413337461148
0 0.7227637716664141 0.3506075823028822 0.012046002926866351 0.056795809553293886
0 0.7455331302740621 0.4643597131962943 0.014403388465485634 0.05924872146395259
0 0.7469916120254936 0.3479170758927414 0.012813617388246712 0.05448844685684691
0 0.8648507568356912 0.49551120575269625 0.0160113402608836 0.06713399607105863