0 0.4822070921075955 0.8581701424708396 0.018441448672140127 0.08208690798171717
0 0.23339130044409712 0.513078004548114 0.022247704722264318 0.06508134449948208
0 0.10972602058625953 0.33392769789030413 0.012073274004105095 0.06148330955329388
0 0.179670361043535 0.27392130521006774 0.016751683645025484 0.06013913337461148
0 0.3208397408266178 0.10554379445670077 0.013499418617910841 0.038118584160399795
0 0.42740387909571176 0.29873733043634615 0.014403388465485634 0.05924872146395277
0 0.4690192073545429 0.3366033575246513 0.010501683645025395 0.059848034946188025
0 0.4927390293668582 0.5204710893276863 0.020676114363184794 0.06344606989237604
0 0.540000369627742 0.5890605775408619 0.01292724687674216 0.07401969685684691
0 0.5145362404338344 0.37387007113072124 0.016751683645025394 0.06013913337461156
0 0.5418976502711464 0.24393001405862663 0.01280907220870695 0.053707196856846905
0 0.5544203761688455 0.24841846091547354 0.015180093285945873 0.058503858767505613
0 0.5690828398681003 0.3521984323794262 0.01358577702916719 0.05296233416039975
0 0.646666963502863 0.2628684127347191 0.01515282220870695 0.05381635876750561
0 0.6442504906302261 0.2502592508240603 0.009684072208706951 0.05356164764263518
0 0.7870647045258726 0.23035562737424628 0.01592498184962743 0.05229024607105863
0 0.7807106862773041 0.3464343916422699 0.023773843285945874 0.05890411910658786
0 0.7608617945903646 0.42517582174989377 0.013626683645025395 0.05999358416039975
0 0.6530220235131258 0.41546687385958964 0.014435204722264316 0.06471747146395264
0 0.6639186168972675 0.4089450461093306 0.012005096311007967 0.04976455955329388
0 0.7906947403356386 0.4515585392849051 0.016097698672140125 0.08197774607105864
0 0.8060157341873184 0.5342811480524107 0.018341454722264318 0.06489940798171734
0 0.8937293576256895 0.5750752760503387 0.018395996876741805 0.07427440798171751
0 0.8692191952542945 0.3896086569437508 0.011337475799503238 0.06925942224974105