0 0.32802683994685883 0.7530464891943076 0.026003881926869442 0.07319457629424182
0 0.38558247476921237 0.717442189137838 0.01711903349844599 0.06644404735504672
0 0.38950584139460087 0.7013089549228535 0.0205886358558109 0.05729656050922625
0 0.31868176509208396 0.652773473409292 0.016337783498446078 0.06639854472421085
0 0.30547113564641387 0.6200596839467531 0.018645146194893058 0.06575380261671845
0 0.2646685072342011 0.6807927866199414 0.017191808105551855 0.06800654735504671
0 0.12104897807898127 0.4410260893778343 0.014937949338046241 0.0530717920933748
0 0.20232471091547355 0.563408594568919 0.015265435070022603 0.06010304209337462
0 0.2415884181114026 0.5867319734798793 0.017827508891340216 0.06492704998588258
0 0.2218901941662505 0.5318246656014889 0.015338209677128489 0.061665542093374805
0 0.24078574338046224 0.5360417287415511 0.021333498552257878 0.056560813140062116
0 0.27051178473679105 0.5720548234516444 0.020697797766469607 0.059640310509226246
0 0.22777416707794532 0.4908734419098481 0.01619223428423435 0.06327354472421085
0 0.28696723056018064 0.4904253918533784 0.017645572373575467 0.06102079998588259
0 0.3094993560769093 0.5392647102551125 0.013630160462916763 0.058449536831702883
0 0.2592487214639527 0.029123870806691023 0.011429805624352519 0.027935284200867015
0 0.2902612427612897 0.29349718394675317 0.013375449338046153 0.05298078683170289
0 0.438722321545006 0.38629017065139926 0.015537262820281584 0.04921104472421076
0 0.6884696486760925 0.14450230198143396 0.013865600909622699 0.04677628946253889
0 0.9242939102535196 0.6576602675688055 0.01619223428423453 0.06327354472421085
0 0.8442425372179905 0.6452064992235411 0.013176396194893058 0.06543528420086701
0 0.6105588959854961 0.6463994599727638 0.030145572373575468 0.06174884207925739
0 0.6326650283266503 0.5689947967903493 0.016010297766469606 0.05936729472421085
0 0.5773567901134745 0.5190256178935064 0.020025709677128488 0.0619385578783902