0 0.5279487257053501 0.9251935283926045 0.01845818133065045 0.07007688702330839
0 0.5704557855518132 0.2468056335647475 0.012720175893442941 0.044131945916315994
0 0.6054900187458992 0.32782994427185347 0.013565092889637498 0.04572172776748138
0 0.6628422623201086 0.3603448331092606 0.015318593878220455 0.05046379146981224
0 0.6531343398867068 0.38738848274644083 0.014155341901054186 0.04106150961864685
0 0.8106749258562619 0.3803721348306919 0.012943010380123354 0.049600695916316086
0 0.9780640612177948 0.5348662057894169 0.0053851783649008665 0.05557787740466171
0 0.9238567222824902 0.5595735399101678 0.014138095855386723 0.05978422776748147
0 0.8159725795065835 0.44236370334234615 0.015509594866803412 0.055151291469812236
0 0.7090965439175891 0.6076216263931714 0.016481845855386902 0.05986607332097762
0 0.6953842123966583 0.5985368030721936 0.014823845361095423 0.05746775961864685
0 0.667349395704475 0.5185392790255765 0.01613167737631773 0.05127232332097762
0 0.6277921471873499 0.5101166546161398 0.014505510380123354 0.04965525961864685
0 0.62776297228249 0.5492337183184706 0.01625901136870649 0.05439732332097762
0 0.47950454441188073 0.5972570121505356 0.014074428859192523 0.05822172776748147
0 0.4607465686321685 0.4815948066155727 0.013134011368706488 0.05428819591631608
0 0.4451162514456938 0.40437754218760247 0.01616351087441501 0.05205357332097762
0 0.4243077084423256 0.6078472825689556 0.021137512357289622 0.05924851442797028
0 0.3868859628909499 0.5854167218618496 0.013229511862998145 0.05663194591631608
0 0.36412357802370865 0.4336260433687288 0.012098093383928976 0.048010914065150526
0 0.31147076330869183 0.34338050008481796 0.01228909437251211 0.05269841406515052
0 0.21296830182625456 0.5527430872007939 0.016290844866803676 0.05517857332097762
0 0.04555796733957419 0.5523735210513923 0.015605095361095288 0.057495041469812234