0 0.52109375 0.815625 0.0140625 0.0625
0 0.53359375 0.20546875 0.01015625 0.0390625
0 0.56875 0.27734375 0.01015625 0.040625
0 0.621875 0.3046875 0.01171875 0.04453125
0 0.61328125 0.3296875 0.01171875 0.03671875
0 0.7546875 0.31796875 0.01015625 0.04453125
0 0.9203125 0.28046875 0.01015625 0.0390625
0 0.915625 0.4515625 0.01171875 0.05078125
0 0.86328125 0.475 0.01015625 0.053125
0 0.7625 0.3734375 0.01171875 0.04921875
0 0.671875 0.52578125 0.0125 0.05390625
0 0.659375 0.5171875 0.0109375 0.05078125
0 0.63125 0.446875 0.0125 0.04609375
0 0.5953125 0.43984375 0.0109375 0.04453125
0 0.596875 0.47578125 0.0125 0.0484375
0 0.465625 0.5234375 0.0109375 0.05234375
0 0.44453125 0.4203125 0.01015625 0.0484375
0 0.42734375 0.35078125 0.0125 0.04609375
0 0.41640625 0.534375 0.0171875 0.05234375
0 0.38125 0.515625 0.009375 0.05078125
0 0.35546875 0.3796875 0.009375 0.04296875
0 0.30546875 0.3 0.009375 0.04765625
0 0.22421875 0.49140625 0.0125 0.04921875
0 0.0734375 0.49609375 0.0125 0.05078125