0 0.46328125 0.12890625 0.0125 0.03515625
0 0.3765625 0.32734375 0.01171875 0.046875
0 0.4265625 0.34765625 0.0109375 0.0484375
0 0.496875 0.33828125 0.01015625 0.04609375
0 0.5546875 0.38203125 0.0140625 0.04453125
0 0.61640625 0.35703125 0.0109375 0.04765625
0 0.69453125 0.4109375 0.0125 0.04921875
0 0.87109375 0.275 0.0140625 0.0390625
0 0.7640625 0.46796875 0.0140625 0.053125
0 0.82421875 0.5015625 0.01328125 0.05625
0 0.8109375 0.57109375 0.01875 0.053125
0 0.7296875 0.6921875 0.0171875 0.059375
0 0.53515625 0.8609375 0.01875 0.0640625
0 0.34609375 0.69765625 0.0109375 0.05859375
0 0.4 0.6 0.0125 0.05625
0 0.13125 0.45078125 0.015625 0.05546875
0 0.16796875 0.4453125 0.0140625 0.05078125
0 0.21328125 0.58671875 0.01875 0.05390625
0 0.36875 0.4890625 0.01484375 0.0609375
0 0.3984375 0.4171875 0.01796875 0.0484375
0 0.4484375 0.44609375 0.01171875 0.04453125
0 0.4671875 0.4828125 0.0171875 0.05078125
0 0.58046875 0.4609375 0.01171875 0.046875
0 0.60625 0.47421875 0.0140625 0.0484375