0 0.4635931213481996 0.12182428739654254 0.013908541395857909 0.036092041335136306
0 0.37177994805413067 0.3231407920512249 0.01255059293798535 0.04779261000159085
0 0.4214253920477763 0.3440350947246792 0.01179661647693564 0.04934601933481808
0 0.4934640332814782 0.33549643606776963 0.011755706168510117 0.04700226933481808
0 0.5512804874213936 0.3807094860757238 0.014853432629559826 0.04547613200190899
0 0.614998114044599 0.35644583008431435 0.011782979707460584 0.048564769334818084
0 0.6929497901813371 0.4120514874283593 0.013372753246410874 0.05014545066836358
0 0.8742697483784422 0.2758520001193127 0.014757975243233546 0.04000738200190899
0 0.7630344192401746 0.470691238104677 0.015784687093786685 0.05407897266868176
0 0.8225906513832669 0.5057662194461766 0.014276734171687622 0.05718579133513622
0 0.8080820921305018 0.5759241781110405 0.019690937093786685 0.05412442600254543
0 0.723896232553425 0.6984071580999045 0.018237531249588202 0.060356244668999894
0 0.5232398932688875 0.8679822194064057 0.01988185186643925 0.06506192600254543
0 0.33395702516709874 0.699339665380316 0.011973894480112967 0.05950226933481808
0 0.39037639489044534 0.6007572620544066 0.013495484171687444 0.057176700668363625
0 0.12036567816862828 0.44602211935072644 0.01738809740221221 0.0564409040022273
0 0.15719352232442962 0.4401993806890444 0.014962526785361252 0.05172613200190899
0 0.2007644699715232 0.585266980028635 0.01970457386326192 0.05490567600254544
0 0.36110372646434497 0.48711238538349766 0.0159210547885384 0.06189147266868176
0 0.3920594460255358 0.4148015807208611 0.01882786647693564 0.04942783533577266
0 0.44233613555495455 0.4442987240610881 0.012509682629560004 0.04544886000159085
0 0.46121282062014635 0.48202599073040614 0.018868776785361162 0.05177158533577249
0 0.5764384001654511 0.46148731874599636 0.01255059293798535 0.04779261000159085
0 0.6019878250843732 0.47506856074949616 0.014921616476935639 0.04938238200190899