0 0.75 0.73671875 0.0125 0.059375
0 0.80390625 0.459375 0.01171875 0.04921875
0 0.12734375 0.5671875 0.01796875 0.04921875
0 0.34609375 0.4234375 0.01484375 0.04765625
0 0.29375 0.7453125 0.01484375 0.06328125
0 0.40625 0.53671875 0.01328125 0.0515625
0 0.34609375 0.4890625 0.0140625 0.05078125
0 0.76015625 0.43359375 0.00859375 0.04765625
0 0.459375 0.41875 0.009375 0.040625
0 0.7453125 0.73671875 0.0125 0.05703125
0 0.46796875 0.83046875 0.01640625 0.06015625
0 0.68046875 0.38203125 0.0109375 0.04453125
0 0.7328125 0.58359375 0.01171875 0.05
0 0.49375 0.32109375 0.009375 0.0421875
0 0.1453125 0.4296875 0.01796875 0.0484375
0 0.73671875 0.58359375 0.01171875 0.05
0 0.5953125 0.3359375 0.0109375 0.04140625
0 0.140625 0.384375 0.01328125 0.04609375
0 0.5328125 0.446875 0.009375 0.04375
0 0.56953125 0.4453125 0.01015625 0.04609375
0 0.44921875 0.453125 0.01171875 0.04765625
0 0.425 0.32578125 0.01328125 0.0421875
0 0.3515625 0.32890625 0.01328125 0.04140625
0 0.45546875 0.13828125 0.00859375 0.034375
0 0.54140625 0.35859375 0.009375 0.0421875
0 0.865625 0.28984375 0.0125 0.040625