0 0.7367043793715966 0.765389486374638 0.013881968464861316 0.059811509618646855
0 0.7978653106017357 0.4891742159562179 0.012882512917777866 0.05040922776748147
0 0.11486901301468702 0.5740054735911302 0.019114329122187534 0.04984623257680489
0 0.3377642651988885 0.43714042376861545 0.01595296153100696 0.048174605172143184
0 0.2778924238245133 0.7587500397405318 0.016316637442812622 0.063799605172143
0 0.3960651148382982 0.5525496581595188 0.014499564304548684 0.05280754146981224
0 0.33623682636930513 0.5027654237686153 0.01524444671336811 0.05127232332097762
0 0.7547335596518051 0.46108393229095396 0.009702961531007049 0.047956350362819575
0 0.45193586797243024 0.4364360740387679 0.011119991166284749 0.04176091406515052
0 0.7319986955760063 0.7660070452676454 0.013845600873680652 0.05824900961864685
0 0.4501291401051729 0.8499901425504222 0.01858765226045147 0.06075645072563951
0 0.6754649401607635 0.4067114016209148 0.011973976348645898 0.04491319591631604
0 0.7230990871028815 0.6108830356489985 0.012882512917777866 0.05040922776748147
0 0.48862021001239564 0.33841772549004673 0.01035692496187508 0.04251488221398514
0 0.13607447862975658 0.43557045616793494 0.019096145326597293 0.049064982576804896
0 0.7270053371028815 0.6110194449048256 0.012882512917777866 0.05040922776748147
0 0.5906002841005901 0.35761664799271775 0.011919424961875081 0.04256944591631599
0 0.13166038877399272 0.39006698320977706 0.014354093939826429 0.04655754146981232
0 0.5247369351267704 0.4663443180483181 0.010393292553055567 0.04407738221398514
0 0.5614738689223607 0.46684531505309323 0.011247277735416717 0.04722966406515052
0 0.44021646476204823 0.4696478781224519 0.012827961531007048 0.04806547776748147
0 0.4197611072388539 0.340704422587489 0.014281358757465234 0.043432541469812236
0 0.3454514382609025 0.3420188967267734 0.014244991166284748 0.041870041469812234
0 0.454612151976111 0.15348716478294075 0.009412020801562448 0.03545635036281971
0 0.5353854540284719 0.3783631684111378 0.01035692496187508 0.04251488221398514
0 0.8635663118360067 0.3202357321982867 0.013445557370694416 0.04106150961864685