0 0.4796875 0.67265625 0.01328125 0.05390625
0 0.48359375 0.3921875 0.0203125 0.0421875
0 0.4 0.384375 0.0140625 0.04921875
0 0.3453125 0.35703125 0.0109375 0.0421875
0 0.37265625 0.32734375 0.009375 0.040625
0 0.315625 0.26640625 0.0125 0.03515625
0 0.3078125 0.27578125 0.01171875 0.034375
0 0.42421875 0.2765625 0.01015625 0.03984375
0 0.43359375 0.2890625 0.00859375 0.0390625
0 0.46171875 0.28515625 0.01015625 0.03671875
0 0.50625 0.31015625 0.01328125 0.03125
0 0.52265625 0.253125 0.00859375 0.03671875
0 0.5484375 0.25625 0.0109375 0.0375
0 0.4875 0.13828125 0.00859375 0.03203125
0 0.58359375 0.36484375 0.0125 0.0328125
0 0.609375 0.26328125 0.0078125 0.034375
0 0.64453125 0.29609375 0.0078125 0.0375
0 0.67890625 0.2734375 0.01015625 0.04140625
0 0.7140625 0.378125 0.00859375 0.0421875
0 0.859375 0.24375 0.009375 0.0375
0 0.8703125 0.3296875 0.01171875 0.040625
0 0.1578125 0.38671875 0.01171875 0.03984375
0 0.0125 0.33359375 0.00859375 0.0421875
0 0.60625 0.46953125 0.0125 0.04765625