0 0.4802975250581074 0.7101842319513199 0.016971734390903492 0.06128299211621524
0 0.4951983610777749 0.39543140092927126 0.02432044292109108 0.048183580072118024
0 0.4017484614405946 0.3846555954584378 0.017534729581579887 0.05505117591180557
0 0.34187495363604625 0.3527685094023961 0.013382942921091079 0.04792900693385418
0 0.3735168232361597 0.319883927430417 0.012519847367594839 0.045567073138263935
0 0.3126363761387173 0.24966103998760442 0.015426592558271324 0.039389808320625
0 0.30366068022240134 0.2603985182361114 0.013864092558271323 0.039353440729444425
0 0.43410214837123595 0.2642164620996879 0.012492565516429365 0.04478582313826394
0 0.4429860750502582 0.27849716764677124 0.011684033665263983 0.043986389342673606
0 0.4751537343060853 0.27533645326597267 0.012383438111767653 0.041660823138263935
0 0.5241988695152954 0.3038439661837504 0.016071433302444225 0.03550174211621524
0 0.544377449459695 0.24098094348232685 0.011602188111767654 0.04164263934267361
0 0.5731745720550334 0.24477874391916715 0.013973219962933214 0.04247844072944442
0 0.5090352049019906 0.11114731990722264 0.01141121515360961 0.03617388934267361
0 0.6079811032732266 0.3675629336986811 0.015344747004775172 0.037046058320625
0 0.640870503543379 0.2541732341355214 0.009957842558271323 0.03926252175149312
0 0.6794047246874385 0.29260060771062557 0.010848219962933215 0.04240570554708336
0 0.7185862757758976 0.2677103636945492 0.013355661069925695 0.04714775693385418
0 0.7543377481010834 0.38582523726965345 0.011011911069925695 0.047093205547083274
0 0.9213218953760111 0.23880803295684103 0.011629469962933214 0.042423889342673604
0 0.9296576958314979 0.3359557898906952 0.014863597367594749 0.04562162452503475
0 0.13057286588709832 0.38068956838861123 0.014836315516429366 0.044840374525034754
0 0.6296700755984124 0.48535049895316024 0.015917665879249122 0.053452308320624906