0 0.44908109804680085 0.7247006736306949 0.01848396046687384 0.06284549211621523
0 0.44969283197943677 0.43213131392329895 0.014077181527678917 0.05416082313826394
0 0.3860244451053815 0.3970101250937156 0.017710415742663167 0.04956424211621524
0 0.33673707664717767 0.35674749458475724 0.014630918373499214 0.050272756933854176
0 0.388185455558138 0.3196118237069448 0.015366665742663255 0.049509690729444424
0 0.4147549318100275 0.25295165377906287 0.01196864995764777 0.04474945554708336
0 0.4284912081183867 0.24544827830409757 0.012105157850155378 0.047093205547083274
0 0.45989312656247305 0.2704307477188893 0.016610647326811723 0.044077308320624994
0 0.4595276474679862 0.11552504217180595 0.010732373649288363 0.03691877175149307
0 0.5220969949500895 0.23667464997934076 0.01274989995764777 0.0447676393426736
0 0.5328979870575818 0.2392729731176046 0.01118739995764777 0.04473127175149312
0 0.5748902530543589 0.4585145888089242 0.014630918373499214 0.050272756933854267
0 0.6092806636059376 0.48591354340607695 0.016466434158514787 0.05499662452503458
0 0.5988422344973332 0.3159095147207297 0.017118881541796326 0.03940799211621524
0 0.6760949792356612 0.31927221048416726 0.017164384172632198 0.04018924211621533
0 0.689892168726435 0.33758645260038256 0.019326123649288363 0.03711879350298615
0 0.7483941844408634 0.25993488449611174 0.013258134172632196 0.04009832313826393
0 0.7419328108621621 0.37087238449611176 0.01821864995764777 0.04489492591180557
0 0.7904235187687874 0.38451796361829926 0.014494410480991426 0.04792900693385418
0 0.8563053949783246 0.27418118208316045 0.01357665258848364 0.045567073138263935
0 0.8511775501976441 0.2279055941272577 0.009533894695975676 0.04313240416031246
0 0.3034002028567149 0.24410137100965304 0.011923147326811722 0.04396820554708336
0 0.2559791712866838 0.25238534327423634 0.013531149957647681 0.04478582313826394
0 0.12614891616618626 0.3995668549577432 0.020054165742663256 0.04961879350298606