0 0.4890625 0.7109375 0.01328125 0.0578125
0 0.47421875 0.4390625 0.01015625 0.05
0 0.4125 0.4078125 0.0140625 0.0453125
0 0.36484375 0.371875 0.0109375 0.04609375
0 0.41015625 0.33515625 0.01171875 0.04609375
0 0.43125 0.2734375 0.00859375 0.04140625
0 0.44375 0.26640625 0.00859375 0.04375
0 0.47421875 0.28828125 0.01328125 0.040625
0 0.465625 0.1453125 0.0078125 0.034375
0 0.53046875 0.25546875 0.009375 0.04140625
0 0.540625 0.25859375 0.0078125 0.04140625
0 0.59140625 0.4609375 0.0109375 0.046875
0 0.625 0.48515625 0.0125 0.05078125
0 0.60625 0.328125 0.01328125 0.0359375
0 0.678125 0.3296875 0.01328125 0.03671875
0 0.69140625 0.34609375 0.01640625 0.034375
0 0.74140625 0.27265625 0.01015625 0.03671875
0 0.7421875 0.3765625 0.0140625 0.04140625
0 0.78828125 0.3875 0.0109375 0.04453125
0 0.84296875 0.28359375 0.01015625 0.0421875
0 0.8359375 0.240625 0.00625 0.03984375
0 0.328125 0.2671875 0.00859375 0.040625
0 0.28359375 0.2765625 0.01015625 0.04140625
0 0.17109375 0.415625 0.015625 0.0453125