0 0.5228940192305271 0.7832589995366639 0.01761474687674216 0.07403770072563934
0 0.6103819463344491 0.3854514713136955 0.013540325233769223 0.04499504146981224
0 0.5861631963344491 0.38460573392756725 0.019009075233769223 0.04518601442797028
0 0.7185120880213886 0.46893114862568996 0.013653954722264317 0.06452629146981223
0 0.6929262807416003 0.43443709753723087 0.015157367388246712 0.054424605172143
0 0.6979046722321481 0.3846007886442234 0.020507942720211857 0.03430307813030113
0 0.6513614703385542 0.32593262757429775 0.01902725595192827 0.04831101442797028
0 0.6242086178792261 0.29216526278350774 0.013563051131468207 0.04890129146981224
0 0.6183404129605702 0.22632200797418434 0.013576686670087667 0.051245041469812236
0 0.5980460936787294 0.22248767984388323 0.013576686670087667 0.05124504146981226
0 0.5517296298812787 0.25915930062512293 0.013590322208706951 0.053588791469812234
0 0.4710199853656688 0.29775551995508387 0.01281816256778665 0.05512400961864685
0 0.47609382562655256 0.23151296106207644 0.01279998184962743 0.051999009618646855
0 0.4816262081401099 0.22076643402023444 0.008103391490547906 0.050272818511654285
0 0.37067455172064334 0.3536384430059091 0.014394298106406023 0.05752232332097771
0 0.32538075331964966 0.2145288137871489 0.01435339149054773 0.05049107332097771
0 0.2612318949083933 0.2271354519915838 0.015134641490547728 0.05051835517214318
0 0.5121954729708328 0.07024064436452071 0.011196575233769046 0.044913195916316
0 0.17756035597536943 0.3718998257680484 0.009702252926866262 0.05657738221398514
0 0.8248171510567133 0.32886419853302273 0.017482936670087667 0.05138145072563942
0 0.8210245305452087 0.3091965392771956 0.011991460772388506 0.04728422776748138
0 0.8636029159856321 0.24348225924012867 0.013594867388246713 0.05437004146981224
0 0.9736591720357562 0.264516500254454 0.01594316256778683 0.055233137023308565
0 0.9934904038853837 0.21363604653358972 0.011219301131468028 0.048819445916316