0 0.5373787514321773 0.6973197189240791 0.017260772676635838 0.07439305524755432
0 0.4684976507001803 0.219755432021789 0.013935778007635947 0.05702354472421067
0 0.48874596869031706 0.14587061098921902 0.015516459341181487 0.05867704998588259
0 0.48238688068904445 0.1368596320359064 0.01000225600731781 0.054452281570031104
0 0.5611573180299076 0.18777811895231394 0.010828959341181488 0.05840403420086702
0 0.601409600692226 0.1533807321488459 0.01389032467377227 0.053117294724210715
0 0.6099851693586806 0.1513177032096507 0.008457937340863354 0.05592377630835923
0 0.4923874946689999 0.0027953666791915464 0.009765898671227013 0.005590733358383093
0 0.6510283400302258 0.18488906640618263 0.013835780673136 0.04842979472421076
0 0.6786271760423161 0.2724044769577612 0.014662484006999677 0.05238154735504663
0 0.6911549953850885 0.3412531874952223 0.01318180000795408 0.059321792093374806
0 0.7284191853914519 0.38598956384593386 0.022647706675681435 0.06768032366340596
0 0.796377750039771 0.24678357970153658 0.019368165340545217 0.05421706314006212
0 0.7696965240292715 0.1709414165191221 0.014553396005727137 0.04300654735504663
0 0.7885374306969986 0.1776618533790599 0.01996760200509069 0.03863756577089812
0 0.8583783107097254 0.26740762186549855 0.015498278007635946 0.05711454998588259
0 0.856561272040089 0.24562362712717042 0.018296014003817973 0.029171560509226247
0 0.9237482246976348 0.17447739824444497 0.015452824673772625 0.05320829998588259
0 0.985630606699544 0.18494519040840696 0.01474430000795408 0.059412797355046634
0 0.9702863226845901 0.07560798776345358 0.008321577339272324 0.04420502630835925
0 0.38841125604708876 0.3244877056287251 0.010892594008590528 0.06387278420086702
0 0.2621834686903171 0.15906637393163714 0.015489187340863264 0.05633329998588259
0 0.2038078946928624 0.18122907124433146 0.015452824673772425 0.05320829998588259
0 0.16374761071767946 0.36649871330947137 0.017860209341181443 0.05881355787839038