0 0.50703125 0.75 0.015625 0.06640625
0 0.44921875 0.31328125 0.01171875 0.05078125
0 0.46875 0.246875 0.01328125 0.05234375
0 0.46328125 0.23828125 0.00859375 0.04921875
0 0.53359375 0.2890625 0.009375 0.05234375
0 0.57109375 0.26015625 0.01171875 0.04765625
0 0.57890625 0.25859375 0.00703125 0.05078125
0 0.4734375 0.10078125 0.00859375 0.03984375
0 0.615625 0.29140625 0.01171875 0.04296875
0 0.63984375 0.371875 0.0125 0.046875
0 0.65 0.43515625 0.01171875 0.053125
0 0.684375 0.47734375 0.01953125 0.06015625
0 0.74765625 0.3546875 0.0171875 0.0484375
0 0.72421875 0.284375 0.0125 0.03828125
0 0.740625 0.2921875 0.01796875 0.03359375
0 0.80390625 0.3765625 0.01328125 0.05078125
0 0.80234375 0.35703125 0.01640625 0.02578125
0 0.8640625 0.29609375 0.01328125 0.04765625
0 0.9203125 0.30859375 0.0125 0.05390625
0 0.9078125 0.20859375 0.00703125 0.03984375
0 0.375 0.40390625 0.009375 0.05703125
0 0.2625 0.24765625 0.01328125 0.05
0 0.20859375 0.2640625 0.0140625 0.04765625
0 0.1703125 0.43046875 0.015625 0.05234375