0 0.5745239281146027 0.8717588084452818 0.02714783175849824 0.10665910308425523
0 0.6803076143274538 0.5431507930240062 0.028591280670039153 0.08091876339268059
0 0.5764980788480913 0.45819118628630306 0.01702629809323426 0.0627590986200282
0 0.6076364622432028 0.3872923051988708 0.02335814364673041 0.06521194277582962
0 0.5987227645127883 0.33350878612414736 0.01538195253973793 0.06038807508107791
0 0.5456721424656041 0.13509460552318237 0.013864092558271323 0.03928068831160272
0 0.4942411064380875 0.25168781615591945 0.01691717068857255 0.0596340986200282
0 0.5209672975450801 0.25591166599376364 0.015272825135076218 0.057263075081077905
0 0.6105382290334258 0.24653093750411914 0.014464293283910834 0.05646818831160268
0 0.6193502338427492 0.25263093303989226 0.012956356986241601 0.05800341477265238
0 0.6497396274894797 0.3169837593387861 0.017452884028083558 0.052616485389503434
0 0.5253125463639536 0.33557189245481334 0.015545643646730412 0.0650755750810779
0 0.6908184952754945 0.30688601055660214 0.013492070325752791 0.05098580154212753
0 0.7085218612474109 0.2542013413197229 0.01850695253973793 0.060442622158978575
0 0.815513449629331 0.4078973112879508 0.020178579944399644 0.06359489569792882
0 0.8438095752198944 0.36753536404789433 0.02241320253973811 0.06051080600635448
0 0.942217304168502 0.2978074707855974 0.01629961179556503 0.06430796185055306
0 0.9047942044386545 0.41259271956778143 0.014737111795565028 0.06428068831160272
0 0.920114158792491 0.5155131680256538 0.02293155771188111 0.0753545560063543
0 0.2678695793962455 0.2611112293037187 0.015327388837407164 0.058825575081077906
0 0.17460819663410618 0.45582548579654053 0.01713542549789593 0.0658840986200282
0 0.10666175008481801 0.3233363141240293 0.02006945253973793 0.06046989569792895