0 0.525 0.8671875 0.021875 0.10078125
0 0.63671875 0.5578125 0.02421875 0.07578125
0 0.540625 0.47578125 0.0140625 0.059375
0 0.57265625 0.40859375 0.0203125 0.06171875
0 0.565625 0.3578125 0.0125 0.05703125
0 0.521875 0.16875 0.01171875 0.03671875
0 0.46953125 0.278125 0.0140625 0.05625
0 0.49453125 0.2828125 0.0125 0.05390625
0 0.58046875 0.275 0.01171875 0.053125
0 0.58828125 0.28125 0.01015625 0.0546875
0 0.61484375 0.34296875 0.01484375 0.04921875
0 0.49609375 0.35859375 0.0125 0.06171875
0 0.65390625 0.33359375 0.01171875 0.0484375
0 0.67265625 0.28359375 0.015625 0.05703125
0 0.76875 0.43125 0.01640625 0.06015625
0 0.796875 0.39375 0.01875 0.05703125
0 0.89296875 0.32890625 0.01328125 0.0609375
0 0.853125 0.4375 0.01171875 0.0609375
0 0.8640625 0.53515625 0.01953125 0.07109375
0 0.2546875 0.28359375 0.0125 0.05546875
0 0.16015625 0.465625 0.0140625 0.0625
0 0.1 0.33984375 0.0171875 0.05703125