0 0.39267998643233265 0.3776587855641805 0.015243219696846744 0.05278025961864685
0 0.41037209746818065 0.4283681136944816 0.01783263116223601 0.05754960517214318
0 0.38086165988350956 0.48369053075485713 0.02124423620519007 0.0631274825768049
0 0.4565886782008752 0.4276339929132419 0.015035179782755037 0.06369047776748142
0 0.4987186244919736 0.35553330362034785 0.02231541327441171 0.05380704627913566
0 0.5576023015611951 0.36698172430892034 0.013394114653892508 0.047256945916316
0 0.447594379241672 0.6589931203179036 0.018651502713533396 0.073174605172143
0 0.4462332751032291 0.6401612747644073 0.014997558231457476 0.048092759618646855
0 0.5982405896662646 0.42788450797418437 0.01733798620519007 0.06299107332097767
0 0.6362595680695385 0.35955365942546313 0.021865033921197964 0.04521329627913566
0 0.6438640281554467 0.348861696085952 0.018736711894930556 0.05992063702330856
0 0.6543821263009959 0.3124430464487717 0.01915279172311397 0.038100200725639334
0 0.703283293759279 0.36502489862569 0.0176688568519765 0.05442460517214318
0 0.7403329144060653 0.37492817748163054 0.022028808231457475 0.04833829627913566
0 0.7587929873368437 0.3661806600584353 0.015406994007106078 0.055905259618646855
0 0.6931027103130509 0.4398066438163665 0.017750744007106255 0.055987105172143184
0 0.6391820929456248 0.5576737008952755 0.021285179782755036 0.06390873257680489
0 0.7123938636378397 0.6541518860118183 0.022063107756487454 0.0787524825768049
0 0.7271081388526104 0.6272719274816305 0.01832395409301455 0.06692460517214319
0 0.34506135798363025 0.360342310791924 0.012404824739800802 0.05813988221398514
0 0.2855259056996381 0.3762649219545169 0.01775074400710617 0.055987105172143094
0 0.22972296302658438 0.35083584681944063 0.013063244007106256 0.055823414065150526