0 0.4984375 0.900999571043543 0.02890625 0.09554067849312062
0 0.765625 0.8697049641421195 0.02734375 0.09392361479078985
0 0.38359375 0.6188641389222251 0.0203125 0.08899057813030105
0 0.421875 0.604575949629331 0.0265625 0.08217758293962447
0 0.50859375 0.6708854851086936 0.034375 0.07698165145127885
0 0.6171875 0.6371776624206881 0.025 0.08446676923729371
0 0.56953125 0.5698884694995969 0.02109375 0.07651785998146643
0 0.5 0.4846478847458739 0.01640625 0.08182291887447413
0 0.54921875 0.46683539136929586 0.015625 0.05210813702330856
0 0.64375 0.5295114953603126 0.01484375 0.07629960517214318
0 0.65 0.5023860001696361 0.01640625 0.07088541887447394
0 0.7078125 0.4747173571558777 0.0140625 0.07705357332097762
0 0.78984375 0.5174257015282476 0.015625 0.07788938702330857
0 0.8046875 0.5679440567003908 0.0234375 0.08050595553496294
0 0.9015625 0.6455457562449038 0.01875 0.07956101442797028
0 0.83828125 0.7792734263005041 0.0296875 0.08541171034428637
0 0.77578125 0.7536533782072699 0.03359375 0.08086061960011329
0 0.3015625 0.5542807945498552 0.01796875 0.07250248257680489
0 0.18984375 0.548035739833199 0.01640625 0.08026041887447413
0 0.2109375 0.6800223498146656 0.02578125 0.0868378010884591
0 0.09140625 0.5852232265863551 0.02109375 0.07964285998146661
0 0.3546875 0.9397297104291044 0.01875 0.09752976442797028