0 0.52578125 0.828125 0.01015625 0.046875
0 0.5765625 0.525 0.009375 0.0359375
0 0.5828125 0.46796875 0.009375 0.03515625
0 0.53671875 0.48984375 0.00859375 0.0296875
0 0.53046875 0.48125 0.00703125 0.03515625
0 0.4640625 0.4546875 0.00859375 0.034375
0 0.4609375 0.40390625 0.00703125 0.0328125
0 0.53515625 0.3203125 0.00703125 0.03046875
0 0.54765625 0.4046875 0.0078125 0.03125
0 0.55 0.43046875 0.0078125 0.0296875
0 0.540625 0.446875 0.00625 0.03359375
0 0.62734375 0.48046875 0.009375 0.0359375
0 0.61953125 0.4109375 0.00859375 0.03046875
0 0.64453125 0.43125 0.009375 0.02890625
0 0.66796875 0.446875 0.0078125 0.03515625
0 0.83984375 0.41015625 0.01015625 0.03125
0 0.82109375 0.659375 0.015625 0.04296875
0 0.87890625 0.66875 0.01484375 0.0421875
0 0.90078125 0.6828125 0.01796875 0.04296875
0 0.91484375 0.68046875 0.01015625 0.04375
0 0.321875 0.4453125 0.0078125 0.034375
0 0.34375 0.47890625 0.01171875 0.03515625
0 0.3515625 0.47578125 0.00625 0.0328125
0 0.184375 0.525 0.0078125 0.03359375
0 0.1703125 0.57421875 0.0078125 0.0375