0 0.5428396098948272 0.8153149097191633 0.01128364532659738 0.04879216406515061
0 0.5872013268410768 0.5041393075422451 0.011010888392743112 0.03707341406515052
0 0.5920875421718059 0.44532730273292165 0.01021145459715278 0.03626488221398514
0 0.5457398722439241 0.4696204638028473 0.009302918028020812 0.030768850362819577
0 0.5385086004924309 0.46127225046333614 0.00786770459715278 0.03618303666048881
0 0.47068466764677125 0.436274739663563 0.009412020801562448 0.03545635036281958
0 0.4663413533422226 0.3840401170682247 0.007813153210381962 0.03383928666048881
0 0.5393593196228822 0.2962648093563436 0.007758601823611144 0.03149553666048881
0 0.554640787137813 0.3817385178865313 0.008558035619201477 0.03230406851165428
0 0.5576027861878823 0.408219172333035 0.008521668028020813 0.030741568511654372
0 0.5486278296908684 0.4257340545470202 0.007050087005972117 0.034593254809323425
0 0.6377091666968406 0.4570262053653268 0.010229638392743112 0.03704613221398514
0 0.6290231912981253 0.38617799202581565 0.009321101823611145 0.03155010036281967
0 0.6537147199834725 0.4056447546396874 0.010065984232430481 0.03001488221398514
0 0.6782971458952781 0.42042401725355916 0.00864895459715278 0.036210318511654196
0 0.853223757502535 0.37756685074133783 0.011683035619201476 0.032413195916315994
0 0.8403834910693757 0.6321278651693081 0.017442726348645722 0.04510416887447395
0 0.8992136304120493 0.640237976331901 0.01584385875746506 0.04348710517214318
0 0.9214159387326741 0.6535365844992691 0.018987042553055743 0.04437748257680489
0 0.9354238873459033 0.6507017611782914 0.01119272634864572 0.04488591406515052
0 0.32513577830409757 0.43119291398033255 0.008630770801562448 0.03542906851165419
0 0.34859211531006984 0.46477674029653515 0.01255520459715278 0.03634672776748147
0 0.356350063923299 0.4621601717848809 0.007031903210381963 0.03381200480932343
0 0.1864200768410768 0.5181348971901096 0.00861258700597225 0.034647818511654195
0 0.17353952355444494 0.5694072205110873 0.00872168977951393 0.03933531851165419