0 0.5400126298433683 0.2944147543459873 0.009339285619201476 0.032331350362819755
0 0.5612174422480558 0.40053826877395754 0.009466572188333444 0.03780010036281976
0 0.5571481912981253 0.426937077666965 0.008576219414791808 0.033085318511654194
0 0.5675233000555907 0.47023320988095013 0.00864895459715278 0.036210318511654196
0 0.5529165926086462 0.5134375728576416 0.01021145459715278 0.03626488221398514
0 0.5389261745806253 0.4825050313878293 0.012609755983923776 0.03869047776748147
0 0.5331859740675352 0.5377282447273404 0.013609211531007049 0.048092759618646855
0 0.5165959264804865 0.4286434214063627 0.01184668977951393 0.03944444591631609
0 0.511291483851181 0.4690501665970393 0.009521123575104262 0.040143850362819755
0 0.46156358757465316 0.44545640997361735 0.009448388392743113 0.03701885036281975
0 0.45625914494534764 0.4858631551642939 0.009484755983923777 0.038581350362819754
0 0.6106394800514587 0.5786831161415524 0.009521123575104085 0.040143850362819575
0 0.6432526115103476 0.6048016720393349 0.010375108757465413 0.043296132213985136
0 0.6358914403481949 0.4562277627835078 0.013372822188333444 0.03793650961864685
0 0.6566754126127782 0.4101166546161397 0.01019327080156245 0.035483632213985136
0 0.6983187051658337 0.45528531087674196 0.010302373575104084 0.04017113221398514
0 0.7044979296146184 0.5530779701325692 0.00957567496187508 0.04248760036281958
0 0.7366382823881601 0.5588840260303517 0.015062608757465411 0.04345982332097762
0 0.8697020894745142 0.4066270999843016 0.008539851823611144 0.03152281851165419
0 0.5386430723757647 0.8728026491738442 0.014572299486909657 0.05593254146981223
0 0.3582229948690977 0.5667460782151192 0.014281358757465324 0.043432541469812236
0 0.29593858757465313 0.43967265752654666 0.009521123575104174 0.040143850362819575
0 0.19661138801149342 0.4650868305773718 0.011792138392743113 0.03710069591631608
0 0.1879630866247226 0.46244298021455216 0.010247822188333356 0.03782738221398514
0 0.12740940596326436 0.5774206502701524 0.011864873575104174 0.040225695916316084
0 0.1662699245806254 0.4694915883819202 0.007159189779513931 0.03928075480932343