0 0.53984375 0.315625 0.0078125 0.02890625
0 0.55703125 0.41171875 0.0078125 0.03359375
0 0.55234375 0.4359375 0.00703125 0.0296875
0 0.56171875 0.47421875 0.0078125 0.03203125
0 0.54765625 0.51484375 0.00859375 0.03203125
0 0.53515625 0.48671875 0.0109375 0.03515625
0 0.528125 0.53671875 0.0109375 0.04375
0 0.51640625 0.43828125 0.01015625 0.03515625
0 0.51015625 0.475 0.0078125 0.03671875
0 0.465625 0.45546875 0.0078125 0.0328125
0 0.459375 0.4921875 0.0078125 0.03515625
0 0.5984375 0.571875 0.0078125 0.0359375
0 0.62734375 0.59453125 0.00859375 0.0390625
0 0.62421875 0.46015625 0.0109375 0.03359375
0 0.64375 0.4171875 0.00859375 0.03125
0 0.68125 0.45703125 0.00859375 0.03671875
0 0.684375 0.5453125 0.0078125 0.03828125
0 0.71328125 0.55 0.0125 0.0390625
0 0.83828125 0.40703125 0.00703125 0.02890625
0 0.5265625 0.84140625 0.0125 0.05
0 0.36875 0.56953125 0.0125 0.0390625
0 0.31484375 0.45546875 0.0078125 0.03671875
0 0.2234375 0.48203125 0.01015625 0.0328125
0 0.21484375 0.4796875 0.00859375 0.034375
0 0.1578125 0.5859375 0.009375 0.0359375
0 0.19609375 0.4875 0.00546875 0.03515625