0 0.5526325019785571 0.7431943730586744 0.013173601411925872 0.05040922776748147
0 0.5204180808914477 0.5230009241471335 0.010511602665567032 0.039389882213985136
0 0.6084636501709199 0.5386953568166056 0.009662156505632957 0.03701885036281975
0 0.6262732757977405 0.5325991242398007 0.012878084718878214 0.04025297776748147
0 0.5722018897460786 0.4750520082678845 0.01115646034569906 0.0347296640651507
0 0.5773296589464085 0.46314228530972645 0.008699050079142267 0.030741568511654195
0 0.5905821652146146 0.40793643013758335 0.011042800079142268 0.030823414065150524
0 0.5777040804957363 0.36850190790506476 0.009366639812585476 0.026862600362819754
0 0.5463882328447343 0.2866988363981856 0.00943483597251955 0.029206350362819756
0 0.4980393125490476 0.3720659067239384 0.009503032132453626 0.03155010036281976
0 0.4335449035361322 0.35945926851950355 0.009571228292387702 0.03389385036281976
0 0.43775268190766214 0.4234399229660072 0.009616692399010418 0.03545635036281976
0 0.43073580377355897 0.45105649147766147 0.011892246239076342 0.03319444591631591
0 0.424991920624891 0.5224230599893158 0.0096394244523216 0.036237600362819755
0 0.4262589039318435 0.5122122462869849 0.010352478292387701 0.03392113221398514
0 0.5963260483632826 0.33656986162592906 0.00943483597251955 0.029206350362819756
0 0.6453666051063426 0.4631125142583342 0.010352478292387701 0.03392113221398514
0 0.6618577716411054 0.41170378168152943 0.010420674452321777 0.03626488221398514
0 0.7269000984424249 0.36250982433246803 0.008767246239076343 0.033085318511654284
0 0.7545059243858147 0.47807033694633977 0.012051370612255674 0.03866319591631608
0 0.7698126756394559 0.4665871999230312 0.012028638558944316 0.037881945916316086
0 0.8342124932695754 0.341557428871639 0.007917800079142268 0.03071428666048881
0 0.3196535512662765 0.4768327961943177 0.01352294239901033 0.03559275961864685
0 0.24852269734706828 0.45116316279920615 0.0096394244523216 0.036237600362819575
0 0.17928461553118374 0.5442980931064255 0.00849446159934022 0.023710318511654192