0 0.615489876185395 0.7707919408161648 0.014502913274411711 0.05346598079967002
0 0.583968802011421 0.5127210280423256 0.01627345318850324 0.0425966769596041
0 0.6560894634768102 0.5153171791376823 0.012244372455808695 0.04013926669304731
0 0.6676001735627185 0.5259364303913234 0.01627345318850324 0.0425966769596041
0 0.6471914190401626 0.40525185735092756 0.013438380257724702 0.033153480799670024
0 0.6859130823145744 0.45733118289860586 0.012984678878243727 0.03938074874635884
0 0.7009172845985665 0.47489075593900176 0.01310750961093845 0.04172449874635866
0 0.6437045708946136 0.36857857145755024 0.01269807383528967 0.03391199874635875
0 0.7196396291260709 0.4140980084462843 0.014219630257724703 0.033176212852981425
0 0.7412313461093842 0.3931262789002553 0.011381235300678938 0.038554034639736126
0 0.8100698773170487 0.36295539410223465 0.011957767412854637 0.03467051669304748
0 0.9423943764125375 0.33484946298599544 0.010436210990419425 0.035406302586424764
0 0.9074229121427578 0.4289775477048738 0.011422178878243728 0.03933528463973612
0 0.8787457134768102 0.5088385439439501 0.015615033921197962 0.044917694906292736
0 0.8440398428300238 0.5184552363429604 0.016355340343633173 0.0441591769596041
0 0.6135932677515388 0.2419167830568904 0.010231493102595125 0.031500052586424764
0 0.520874580505552 0.4136219499873647 0.014342460990419425 0.035519962852981424
0 0.5433570901164904 0.4544371666012699 0.01701375961093845 0.04183815901291545
0 0.4700291327441157 0.5183836578257812 0.015410316033373662 0.041011444906292736
0 0.46657658412359665 0.5122245860390267 0.01076375961093845 0.04165630258642476
0 0.4295468956344144 0.4327105822781029 0.018494372455808695 0.04032112311953817
0 0.41566478007601065 0.3619123489711503 0.013520267412854637 0.03471598079967011
0 0.36164342265820737 0.5105831811827463 0.018699090343632995 0.04422737311953817
0 0.25251408412359666 0.518453168646334 0.014792840343632995 0.04411371285298138
0 0.18003489653892557 0.46422632139104325 0.011422178878243816 0.03933528463973612
0 0.17705706071784827 0.5417746598708453 0.009736848145549181 0.036946070533113405