0 0.525 0.79765625 0.0109375 0.04765625
0 0.50859375 0.56484375 0.0125 0.0375
0 0.5734375 0.56953125 0.00859375 0.0359375
0 0.5828125 0.57890625 0.0125 0.03828125
0 0.5703125 0.4703125 0.0109375 0.0296875
0 0.60234375 0.5171875 0.009375 0.03515625
0 0.61484375 0.53359375 0.01015625 0.03671875
0 0.56875 0.4375 0.01015625 0.0296875
0 0.634375 0.4796875 0.01171875 0.0296875
0 0.65546875 0.46171875 0.00859375 0.034375
0 0.71875 0.43671875 0.009375 0.03125
0 0.8390625 0.41484375 0.0078125 0.03203125
0 0.803125 0.4984375 0.00859375 0.03515625
0 0.77421875 0.56875 0.01171875 0.040625
0 0.74140625 0.5765625 0.0125 0.03984375
0 0.54765625 0.321875 0.0078125 0.028125
0 0.45625 0.47421875 0.01171875 0.03125
0 0.475 0.51171875 0.01328125 0.0375
0 0.40625 0.5671875 0.01171875 0.03671875
0 0.403125 0.56171875 0.0078125 0.03671875
0 0.3734375 0.4890625 0.01484375 0.0359375
0 0.36484375 0.425 0.01015625 0.03046875
0 0.309375 0.55703125 0.01484375 0.03984375
0 0.21015625 0.5609375 0.01171875 0.0390625
0 0.14765625 0.5109375 0.00859375 0.03515625
0 0.14140625 0.58046875 0.00703125 0.0328125