0 0.5611181376302439 0.8773234857584523 0.021022321238402954 0.06417612948849509
0 0.3487577291015283 0.582425117977422 0.01693423328249999 0.056340903590796285
0 0.3615999551658337 0.429204669207086 0.014499564304548684 0.05242101805217665
0 0.369229310789167 0.3541501270526083 0.018351262917777778 0.05009999394987581
0 0.4742830995425004 0.5035592537124332 0.013718314304548684 0.052416472872636885
0 0.5528425510055212 0.42105985021983283 0.0182239763486459 0.04463124394987581
0 0.5837275686729517 0.33805645267916085 0.014299542553055567 0.04382726805217674
0 0.5953937269173267 0.43643941052468316 0.014390461531007048 0.04773351805217683
0 0.5950878684442019 0.5911496364223823 0.013991071238402774 0.06413522287263689
0 0.6416888050895838 0.5119615852909141 0.016843314304548683 0.052434653590796285
0 0.6721406777147575 0.5781996636479411 0.018442181895729347 0.05400624394987581
0 0.7458327508530214 0.5887099167711991 0.017806402260451472 0.06025169877033605
0 0.7373104296146185 0.5246883233870574 0.01604388050895835 0.05164885841125635
0 0.7507176597629865 0.462883214975801 0.020022865691319502 0.05479658430895533
0 0.831223430564549 0.4975758566627405 0.016080248100139017 0.05321135841125635
0 0.8070566191097921 0.3656673265103153 0.013445557370694416 0.040697722872636885
0 0.9137443366247225 0.45099577245198097 0.012192181895728993 0.05396988251355737
0 0.9128715144363891 0.41349577245198094 0.017460910144236407 0.04540794877033605
0 0.9897229955346877 0.3247554593184603 0.014281358757465057 0.043046018052176824
0 0.5586515674386807 0.1670854225267357 0.010411476348645898 0.04458579215447771
0 0.18509200655260455 0.43257562978308284 0.014554115691319503 0.05476476805217665
0 0.12257643559854214 0.5665511748644267 0.018551284669270897 0.05869374394987581
0 0.2043901332618408 0.5902972261922866 0.019296167078090322 0.05713578912941557
0 0.2742662221676741 0.5711381600337038 0.014590483282499988 0.05632726805217665