0 0.5 0.80390625 0.01796875 0.0578125
0 0.3125 0.53515625 0.0140625 0.0515625
0 0.32734375 0.39609375 0.0125 0.04765625
0 0.3359375 0.328125 0.015625 0.0453125
0 0.428125 0.4640625 0.01171875 0.04765625
0 0.5015625 0.38984375 0.015625 0.03984375
0 0.53203125 0.3140625 0.01171875 0.03984375
0 0.540625 0.40390625 0.01171875 0.04296875
0 0.5359375 0.54453125 0.01171875 0.0578125
0 0.58046875 0.47265625 0.0140625 0.04765625
0 0.60703125 0.5328125 0.015625 0.0484375
0 0.67421875 0.54296875 0.01484375 0.0546875
0 0.66796875 0.484375 0.01328125 0.046875
0 0.68125 0.42890625 0.01640625 0.04921875
0 0.75390625 0.46015625 0.01328125 0.0484375
0 0.734375 0.340625 0.0109375 0.0375
0 0.8296875 0.41875 0.01015625 0.0484375
0 0.8296875 0.384375 0.01484375 0.04140625
0 0.9015625 0.30390625 0.0125 0.0390625
0 0.5125 0.159375 0.00859375 0.03984375
0 0.16640625 0.3984375 0.0125 0.04921875
0 0.10703125 0.51953125 0.015625 0.053125
0 0.18125 0.54140625 0.01640625 0.0515625
0 0.2453125 0.52421875 0.01171875 0.0515625