0 0.4671632978994592 0.7572396473597456 0.01799656934277234 0.0701314507256395
0 0.41507518125400367 0.5991071996293311 0.013199981341499623 0.06059275961864685
0 0.38159960992204905 0.5877778300292176 0.013953959341181488 0.05827629146981224
0 0.2680007339274579 0.5439509297590652 0.01703350600731781 0.054479168874473946
0 0.35800066728995655 0.33216274708959315 0.014617030673136088 0.04814732332097762
0 0.4166211419478206 0.3990799177781656 0.013081802673454134 0.05043650961864685
0 0.5411495219605472 0.30964045026230325 0.011455668006045272 0.044913195916316
0 0.5434927246180932 0.376937077666965 0.011492030673136 0.048038195916315904
0 0.5401944546069573 0.45888648211346866 0.011592028007635946 0.05663194591631608
0 0.6214631832829569 0.3929465127835078 0.015416462006681541 0.049737105172143095
0 0.7103535079567292 0.3436856119652011 0.014617030673136 0.04814732332097771
0 0.7021768339433663 0.4418775753047123 0.013054530673136 0.048092759618646855
0 0.7005046985996394 0.5184127934535467 0.017024415340545218 0.05369791887447413
0 0.5465251759230035 0.586503050625123 0.016270437340863354 0.05601438702330856
0 0.6190632472549582 0.5991965127835078 0.023319868674408717 0.05782242368379755
0 0.6157115279280942 0.5514038535276806 0.01703350600731781 0.054479168874473946
0 0.6240694679344576 0.5048016720393349 0.013844871339908771 0.04890129146981224
0 0.7798382099379573 0.48444951042125506 0.013018168006045272 0.04496775961864685
0 0.8919285825907307 0.5907491288402421 0.016252256007317813 0.05445188702330857
0 0.9013592212762752 0.4519594473518964 0.013835780673136355 0.04812004146981223
0 0.9435638079249126 0.5862997310171603 0.01943180000795408 0.05924851442797028
0 0.8732085913033195 0.2516767051564447 0.010719871339908593 0.04879216406515052
0 0.5116182053230459 0.09367814436452071 0.009820442671863461 0.03860863221398514
0 0.08792288259868494 0.5040550721398513 0.012300552673454224 0.05040922776748147