0 0.4046875 0.74296875 0.01640625 0.06328125
0 0.334375 0.54609375 0.01484375 0.05859375
0 0.3609375 0.41484375 0.01484375 0.0515625
0 0.3234375 0.33359375 0.01171875 0.05078125
0 0.45 0.5203125 0.01484375 0.05703125
0 0.48359375 0.421875 0.01328125 0.05234375
0 0.4875 0.3 0.01171875 0.04765625
0 0.5046875 0.378125 0.0140625 0.0515625
0 0.5421875 0.4484375 0.0171875 0.04921875
0 0.55625 0.45390625 0.015625 0.05234375
0 0.565625 0.4625 0.0140625 0.05078125
0 0.559375 0.39140625 0.0171875 0.04609375
0 0.59765625 0.4078125 0.015625 0.02109375
0 0.6078125 0.40390625 0.01484375 0.05
0 0.66328125 0.303125 0.0125 0.0453125
0 0.725 0.49453125 0.015625 0.06640625
0 0.7375 0.47890625 0.01484375 0.05546875
0 0.7640625 0.428125 0.01796875 0.04765625
0 0.85390625 0.45625 0.015625 0.0484375
0 0.80625 0.18984375 0.0109375 0.04609375
0 0.4390625 0.0578125 0.009375 0.0296875
0 0.29140625 0.53125 0.0140625 0.05859375
0 0.21015625 0.5390625 0.015625 0.05546875
0 0.0890625 0.53828125 0.01875 0.0578125