0 0.447531092264197 0.7215552589335699 0.020585816937884617 0.06574450870642715
0 0.3659148428300239 0.5244998744919736 0.01795546189493056 0.06015292797373277
0 0.3862572410664301 0.38947309927720297 0.017586969696846744 0.053121677973732684
0 0.34367691542211815 0.30944808457788187 0.014421026119281777 0.052176653663473085
0 0.481751204770383 0.4925770878572422 0.0178735747398008 0.058590427973732595
0 0.5101041768420789 0.3908165140219525 0.016846663274411533 0.05386198439616781
0 0.5075003980092636 0.2663930461341281 0.014257251809022264 0.04905165366347308
0 0.5296453929208809 0.34513884385013605 0.016805719696846567 0.053080734396167804
0 0.5716525084792846 0.4142263585494571 0.01980788896415202 0.05090075870642732
0 0.5860425570998037 0.4197393741532894 0.018409163274411534 0.05394387155129752
0 0.5966491864530173 0.42780085764494596 0.016764776119281777 0.05229948439616781
0 0.5858101837394838 0.35551309984302987 0.019644114653892507 0.04777575870642732
0 0.6257324988683463 0.36987217096478603 0.016730476594251798 0.021912621551297563
0 0.6357249745580867 0.3662149044564426 0.01750508254171699 0.05155917797373259
0 0.687392615897088 0.2608822732942067 0.015696921076327718 0.046789790818602836
0 0.7600466231331773 0.4513567870890166 0.019968341248144127 0.06882856512886235
0 0.7717277515818797 0.43507668984797865 0.017791687584671045 0.057027927973732774
0 0.7955879754625979 0.3821221082107728 0.021288501809022264 0.049420145861557074
0 0.8885091378324983 0.4062379596356823 0.018245388964152197 0.050818871551297565
0 0.8258642164174862 0.13768271144470465 0.013394114653892331 0.04744821008590829
0 0.4461656710763277 0.022837797943150467 0.010971799525030157 0.030960072930778515
0 0.32138691485629123 0.5119489648356066 0.017215155472495434 0.060893234396167804
0 0.23898385063194 0.5241014840574835 0.01861388116223601 0.05785012155129756
0 0.11632760063194003 0.530529625735169 0.02260201831736568 0.05961733943912186