0 0.3984375 0.7703125 0.021875 0.0875
0 0.1328125 0.4625 0.0140625 0.06328125
0 0.25 0.5375 0.0171875 0.065625
0 0.2890625 0.39453125 0.01328125 0.06328125
0 0.3140625 0.5015625 0.0140625 0.0640625
0 0.31484375 0.5359375 0.021875 0.0640625
0 0.3421875 0.540625 0.0203125 0.0671875
0 0.36953125 0.3984375 0.015625 0.0609375
0 0.446875 0.49140625 0.0203125 0.0640625
0 0.50234375 0.53671875 0.015625 0.0703125
0 0.5140625 0.51796875 0.015625 0.0640625
0 0.5203125 0.29375 0.0125 0.059375
0 0.55546875 0.40078125 0.01484375 0.04296875
0 0.5546875 0.4453125 0.015625 0.0625
0 0.61640625 0.5125 0.0203125 0.0640625
0 0.6140625 0.41953125 0.015625 0.0609375
0 0.6078125 0.3421875 0.0171875 0.05625
0 0.65625 0.37109375 0.01640625 0.059375
0 0.67421875 0.39609375 0.01484375 0.05546875
0 0.68125 0.36484375 0.0171875 0.0609375
0 0.75234375 0.415625 0.01484375 0.05546875
0 0.878125 0.12421875 0.0125 0.0421875
0 0.65625 0.49375 0.0140625 0.059375