0 0.39472356743512904 0.7749788367448425 0.024773261903856713 0.09545340056573401
0 0.10839219945770703 0.4381454154946528 0.016024975799503193 0.06884090359079628
0 0.23525870560602707 0.5209175297596417 0.01916815651766246 0.07198408430895534
0 0.27835069633444903 0.36569421945479136 0.014462475799503239 0.06883181323171658
0 0.30501721458301756 0.4822595507386847 0.015248270979042999 0.06961760841125635
0 0.3055802959651067 0.5197640959182245 0.023842020979042998 0.06966760538619425
0 0.3352359797083281 0.5254055627407372 0.023083496876741983 0.0735693102066545
0 0.36582342525721023 0.37089077956324995 0.016792590260883776 0.06650169877033604
0 0.4488308470965749 0.47215836377400944 0.022279520979043 0.06965851502711473
0 0.5087007507855669 0.5217270925985747 0.017632927594901204 0.07666249394987582
0 0.522100175453602 0.5014918606507516 0.017592020979043 0.06963124394987581
0 0.5297682714700223 0.25777822208707 0.014439749901804078 0.06492556323171658
0 0.5673722897185908 0.37440718588452065 0.015897710772388506 0.04696590359079611
0 0.5663137837666625 0.42205889070498087 0.017582930619963476 0.0680687439498758
0 0.6322927868899204 0.49588273096586466 0.022279520979043 0.06965851502711473
0 0.6305353650505557 0.3950878454272452 0.0167925902608836 0.06650169877033596
0 0.6247762444408551 0.31067648399092673 0.019104524004105096 0.06104658430895542
0 0.676933642079723 0.3430122610200939 0.017564749901804077 0.06494374394987582
0 0.6963103559753694 0.36968839050858915 0.015974978824565157 0.0602471535907962
0 0.7035370486955812 0.33613554712444743 0.019136340260883778 0.06651533430895543
0 0.7805626361277946 0.39127301989888846 0.016756228824565157 0.06025169877033605
0 0.919126729020957 0.07488092631835504 0.013549415592848746 0.046171018052176736
0 0.6761609615579555 0.47582476102009397 0.01600224990180408 0.06493465359079628