0 0.11971732067963411 0.3950062746106062 0.02554530254613132 0.09043478338609479
0 0.2384434758283665 0.5185694582341279 0.02518128149944392 0.08418478338609496
0 0.26276093636582765 0.5075781339400909 0.020509192051022574 0.05753135517284953
0 0.2772098442159831 0.5547941147397609 0.03882655254613132 0.0908212282923877
0 0.3219231047393268 0.5592148417785074 0.025317789391951707 0.08652853338609497
0 0.34967710744074987 0.4867093559642724 0.025408794653623622 0.08809103338609496
0 0.4359680071160489 0.8300478304957363 0.03738514988706054 0.11963655007914227
0 0.39724932843096755 0.5536073509497074 0.02710780254613141 0.0904802474927175
0 0.4142247258283665 0.5236841702291797 0.031249270976100262 0.08124163981258548
0 0.41058451536149254 0.46118417022917957 0.029777776237772047 0.08275867570596293
0 0.4603136866481763 0.21695444860070948 0.0245897472985769 0.07402853338609487
0 0.465211102179078 0.48851119985435076 0.02518128149944392 0.08418478338609496
0 0.4676528336926394 0.5572157357477281 0.03133257096198285 0.09606265775927429
0 0.5119488652626705 0.5678637307331631 0.031211473621053542 0.06720187186589684
0 0.5650815705384599 0.5561509924116456 0.02554530254613141 0.09043478338609497
0 0.6295612994917723 0.5517877528364868 0.041033794653623445 0.0885456744523216
0 0.7081490310759209 0.5486149402209323 0.024164813069475065 0.09351431927947225
0 0.7313380891660728 0.3441691326199426 0.035754760452756426 0.07825303213245363
0 0.7613286970303457 0.3770187365391508 0.027760249929412773 0.07490071159934023
0 0.7876335917969086 0.3465870904583591 0.018658265714428347 0.0793154269596041
0 0.7843797891801902 0.3308938942984251 0.024544244667741032 0.07324728338609479
0 0.7469561129141832 0.27754993395272615 0.025742723621053544 0.0670427474927175