0 0.43509951557242016 0.8933388536002191 0.043557434877162925 0.10267338978475209
0 0.16263846001649457 0.5775684201828264 0.019869882290738206 0.09298802067816432
0 0.1553487972426554 0.5599635432183557 0.019733489970870145 0.08830052067816432
0 0.19822661902941005 0.5610872415229446 0.01897497202418146 0.08904538337461147
0 0.21599078054960802 0.5672815835412273 0.028259043810936114 0.08635703101724665
0 0.271527726709542 0.5623543349889694 0.01968802586424747 0.08673802067816432
0 0.30815554849629667 0.5637691317219817 0.01596363229073816 0.09280608416039975
0 0.3273912818032492 0.5730156991331585 0.021500578450672235 0.09540454528527036
0 0.3529452112701358 0.5796274181159118 0.03299200791755883 0.08813785483856407
0 0.37695101260291936 0.559004549009324 0.030117060503983595 0.09658605562435252
0 0.3968687075092121 0.5448136164205006 0.033242060503983595 0.09673160483856406
0 0.4395646728694761 0.5521873147250896 0.02363973997087001 0.08848245719592907
0 0.5264652792959668 0.5418983240307146 0.019020436130804085 0.09060788337461148
0 0.5283149358015997 0.5051431867271616 0.01821044239901042 0.035956770678164496
0 0.6045053627612038 0.4875511182825276 0.025801633544379497 0.08234161910658777
0 0.6844943911327338 0.41984988792723466 0.03375052586424747 0.08739299214211722
0 0.7421477667595544 0.42262597746431796 0.02403454506457727 0.0752375944994819
0 0.8091798055559256 0.2907723558765307 0.02095500917119999 0.07665454528527027
0 0.619495179929105 0.2941457206398924 0.024702134798020657 0.07136773180303493
0 0.41078542115361644 0.22740779259918315 0.02408000917119999 0.076800094499482
0 0.1301311515575751 0.3809138980569199 0.02035561559769077 0.08286815798171734
0 0.35040889614729875 0.47910087924078226 0.016517561757624755 0.0850299714639526