0 0.45703125 0.85546875 0.03828125 0.09375
0 0.19453125 0.55 0.015625 0.0859375
0 0.1875 0.5328125 0.01640625 0.08203125
0 0.22734375 0.5359375 0.015625 0.0828125
0 0.24375 0.5421875 0.0234375 0.0796875
0 0.2953125 0.53984375 0.015625 0.08046875
0 0.33046875 0.54296875 0.01171875 0.0859375
0 0.34765625 0.55234375 0.01796875 0.08828125
0 0.371875 0.56015625 0.02890625 0.08125
0 0.39375 0.54140625 0.02578125 0.0890625
0 0.41171875 0.52890625 0.02890625 0.0890625
0 0.4515625 0.53828125 0.01953125 0.08203125
0 0.5328125 0.53203125 0.015625 0.08359375
0 0.53359375 0.4984375 0.015625 0.03203125
0 0.6046875 0.48515625 0.021875 0.07578125
0 0.67734375 0.425 0.0296875 0.08046875
0 0.73046875 0.43046875 0.02109375 0.06953125
0 0.78984375 0.31015625 0.01796875 0.0703125
0 0.6125 0.3046875 0.02109375 0.065625
0 0.41640625 0.23359375 0.0203125 0.0703125
0 0.159375 0.36484375 0.01640625 0.0765625
0 0.3671875 0.465625 0.0125 0.07890625