0 0.5526870059675468 0.22290001009563687 0.00903919267186346 0.038531302586424766
0 0.5723149692473222 0.6167265664429853 0.01390850600731781 0.05429269490629274
0 0.6337519085773679 0.6391494842313894 0.010774415340545218 0.05342051669304748
0 0.6356438619510023 0.34231994833801205 0.011464758672817866 0.04563074874635875
0 0.5236893019573656 0.29871836401484514 0.010619874005408824 0.04013926669304748
0 0.5131865119350939 0.46303091660126994 0.011455668006045272 0.044849498746358664
0 0.4930103719366848 0.4519031999873647 0.011455668006045272 0.044849498746358664
0 0.45128759062700186 0.2789574449727998 0.01294544267186346 0.03864496285298147
0 0.43458989194782055 0.3715995860390266 0.011428396005727138 0.04250574874635875
0 0.41061713729313826 0.2840457617449895 0.008957376670908878 0.031500052586424764
0 0.37780463729313823 0.2850005079840658 0.01138294267186346 0.03859949874635875
0 0.330675098623502 0.3082394311827462 0.01142839600572696 0.04250574874635875
0 0.37080920261777495 0.3492448644105565 0.010683508672817865 0.04560801669304739
0 0.29665408728518405 0.3459356594751338 0.014507942671863372 0.0386904269596041
0 0.3474069705999576 0.481131361903274 0.012246008672817865 0.04565348079967002
0 0.27874787726768485 0.4753192825946721 0.011482940006363318 0.04719324874635866
0 0.30577235924573126 0.6361969466221524 0.013926687340863353 0.05585519490629274
0 0.24871383724541313 0.6402001365138803 0.013109074673772448 0.05270746285298138
0 0.19760641792650338 0.5354731840857401 0.013835780673136044 0.04804269490629274
0 0.1736507499204582 0.5806863956850803 0.013099984006999677 0.05192621285298138
0 0.35670979260823 0.4199438093168493 0.009829533338636143 0.03933528463973612
0 0.871934255927776 0.5064804220780532 0.016170440006363408 0.047329641066226814
0 0.9461637386219112 0.3020453231734098 0.009802261338317918 0.036991534639736125
0 0.08103598858214026 0.6200875279758185 0.013036349339590636 0.04645746285298138
0 0.08527968793763922 0.45673808181588454 0.009856805338954278 0.04167903463973595
0 0.51946959054746 0.8627126678549111 0.015589184675363299 0.06449440901291545