0 0.5546875 0.240625 0.0078125 0.03671875
0 0.578125 0.625 0.01328125 0.05234375
0 0.63828125 0.64765625 0.01015625 0.0515625
0 0.63671875 0.359375 0.0109375 0.04453125
0 0.52734375 0.3140625 0.009375 0.03828125
0 0.51875 0.4734375 0.0109375 0.04375
0 0.49921875 0.46171875 0.0109375 0.04375
0 0.45703125 0.2921875 0.0125 0.03671875
0 0.44140625 0.38203125 0.0109375 0.04140625
0 0.4171875 0.29609375 0.00859375 0.03046875
0 0.38515625 0.29609375 0.01015625 0.03671875
0 0.33984375 0.3171875 0.01015625 0.040625
0 0.37890625 0.35859375 0.01015625 0.04453125
0 0.30703125 0.353125 0.01328125 0.03671875
0 0.3578125 0.4859375 0.0109375 0.04453125
0 0.29140625 0.478125 0.01015625 0.0453125
0 0.31875 0.63515625 0.0125 0.05390625
0 0.2640625 0.63828125 0.01171875 0.05078125
0 0.2125 0.534375 0.01328125 0.046875
0 0.18984375 0.57734375 0.01171875 0.05
0 0.36640625 0.42734375 0.009375 0.0375
0 0.86875 0.52578125 0.015625 0.0453125
0 0.9390625 0.32890625 0.00859375 0.0359375
0 0.1 0.6140625 0.01171875 0.04453125
0 0.10234375 0.4546875 0.00859375 0.040625
0 0.5296875 0.86171875 0.0140625 0.0625