0 0.13800130775194414 0.38466855357097235 0.016371188829583393 0.06597049211621524
0 0.10593042410885371 0.5535451869297223 0.016425740216354213 0.06831424211621524
0 0.2564187737482634 0.6703904608654169 0.02042290919430556 0.07231141109416654
0 0.2617069922131245 0.6111063798433684 0.0234751740119445 0.06925914627652788
0 0.2668705369503816 0.42284331363895855 0.016262086056041715 0.06128299211621524
0 0.2762273531547913 0.4238427691860419 0.01473595364722229 0.06280912452503476
0 0.2700156803771178 0.3212989974345488 0.01141093189572917 0.054142639342673604
0 0.3472470615516663 0.4958463621759378 0.029561519851631957 0.06237336664125
0 0.34801143417683994 0.4294219283803475 0.011301829122187534 0.04945513934267361
0 0.35113904701836784 0.2950469283803475 0.018133057370694504 0.04102504350298606
0 0.3902742822007289 0.2928311181598614 0.015371733282500077 0.05657730832062509
0 0.4475763295034372 0.38327558662472266 0.01382741707809032 0.057322190729444424
0 0.5274106062889233 0.3116564661837504 0.00990298328249999 0.05645002175149312
0 0.5694701665094095 0.35171907494121574 0.014426829122187535 0.04952787452503475
0 0.5966327317638886 0.3265560739912852 0.01695241707809032 0.057394925911805575
0 0.6829533978920483 0.24492617391503532 0.013663762917777688 0.05029094072944442
0 0.5694850842530899 0.5189974939191672 0.01473595364722229 0.06280912452503476
0 0.6035152453472565 0.5010293971295491 0.015426284669270807 0.05892105832062491
0 0.5931375237482633 0.6782276767648269 0.017316092989895893 0.07301992591180557
0 0.6998966700247912 0.6588256729651049 0.016407556420763924 0.06753299211621525
0 0.7190701230064234 0.37239786369454925 0.01693423328249999 0.05661367591180557
0 0.8922497838162495 0.5554318352935425 0.02183993882958326 0.0660977786853472