0 0.01015625 0.6578125 0.0140625 0.06796875
0 0.1484375 0.38515625 0.01484375 0.06484375
0 0.1203125 0.553125 0.01484375 0.0671875
0 0.271875 0.66484375 0.01875 0.07109375
0 0.27578125 0.60625 0.021875 0.06796875
0 0.27734375 0.4203125 0.01484375 0.06015625
0 0.2859375 0.42109375 0.01328125 0.06171875
0 0.27734375 0.31953125 0.01015625 0.053125
0 0.3578125 0.48984375 0.028125 0.0609375
0 0.35703125 0.42421875 0.01015625 0.04921875
0 0.35703125 0.2921875 0.0171875 0.03984375
0 0.39609375 0.2890625 0.0140625 0.05546875
0 0.4546875 0.3765625 0.0125 0.05625
0 0.53125 0.30390625 0.00859375 0.05546875
0 0.57421875 0.3421875 0.01328125 0.04921875
0 0.60078125 0.3171875 0.015625 0.05625
0 0.684375 0.234375 0.01171875 0.05
0 0.578125 0.50859375 0.01328125 0.06171875
0 0.6109375 0.48984375 0.0140625 0.0578125
0 0.6046875 0.66484375 0.015625 0.071875
0 0.71015625 0.64296875 0.01484375 0.06640625
0 0.72265625 0.359375 0.015625 0.05546875
0 0.8984375 0.53671875 0.0203125 0.065625