0 0.228125 0.6390625 0.02109375 0.06953125
0 0.1109375 0.50859375 0.01640625 0.05703125
0 0.140625 0.49140625 0.021875 0.05
0 0.29140625 0.496875 0.01640625 0.06875
0 0.3046875 0.46484375 0.015625 0.06015625
0 0.221875 0.4109375 0.01796875 0.0640625
0 0.14921875 0.415625 0.01484375 0.0640625
0 0.19765625 0.365625 0.01484375 0.05859375
0 0.25625 0.37265625 0.01328125 0.05859375
0 0.34453125 0.290625 0.0140625 0.053125
0 0.36640625 0.3078125 0.01171875 0.059375
0 0.45 0.390625 0.01484375 0.059375
0 0.50234375 0.31875 0.0140625 0.05390625
0 0.5328125 0.353125 0.015625 0.0515625
0 0.56328125 0.48671875 0.01640625 0.059375
0 0.58671875 0.4671875 0.01640625 0.0625
0 0.6109375 0.6453125 0.0171875 0.07109375
0 0.67734375 0.62109375 0.01640625 0.0703125
0 0.6203125 0.328125 0.01328125 0.05390625
0 0.69296875 0.22734375 0.0140625 0.06015625
0 0.721875 0.36328125 0.01484375 0.0484375
0 0.90390625 0.5015625 0.01875 0.06640625