0 0.18746911075745037 0.6750248257680485 0.02351986334340861 0.07500992368379737
0 0.0616413127386785 0.5324057614327454 0.017896572008272348 0.06153770072563951
0 0.09267313673613316 0.5147470354793626 0.02405566534054513 0.053943455534962936
0 0.2536742714035422 0.5258358468194407 0.018042022676635926 0.0740377007256395
0 0.26734587273231514 0.49273317014041834 0.017160775342135982 0.06541666887447395
0 0.17839191339113372 0.43183782095872497 0.02033122867599957 0.06943204627913566
0 0.10032145739177004 0.43379713584218227 0.01720622867599957 0.06932291887447395
0 0.1520470420512249 0.3825000198702659 0.01635225334181776 0.06304563702330857
0 0.21462885805217943 0.39171381796350013 0.014789753341817757 0.06299107332097771
0 0.3073607033736345 0.30748764010335145 0.015507368674408717 0.057549605172143095
0 0.3317885387094071 0.32630212748947973 0.013236344008590528 0.06371775961864685
0 0.42188737472149745 0.4184747585223385 0.016361344008590527 0.06382688702330856
0 0.47646523937777074 0.34384926995508386 0.015516459341181487 0.05833085517214318
0 0.5089237507160886 0.38168657585286647 0.017042596674090582 0.05526041887447395
0 0.5433907520687241 0.5250199136018144 0.01870509400859053 0.06390873257680489
0 0.5681543947326333 0.5055804328391081 0.017960206675681434 0.06700645072563952
0 0.5961446767584049 0.6963244839275673 0.019631794676953973 0.07643601442797028
0 0.666938434754905 0.673025882383621 0.01806020401018138 0.07560020072563951
0 0.602364668045816 0.35839789799271776 0.014735209341181488 0.05830357332097771
0 0.6784539060311804 0.25328630125809515 0.015598275342135893 0.06536210517214318
0 0.7106135200509067 0.3996627934535469 0.01701532467377227 0.05291666887447395
0 0.9068629060709513 0.5541122243937384 0.021139750676317702 0.07180307813030104