0 0.503125 0.83828125 0.015625 0.0578125
0 0.61796875 0.903125 0.03125 0.03984375
0 0.62890625 0.86484375 0.01484375 0.05703125
0 0.6375 0.871875 0.01171875 0.06328125
0 0.62265625 0.7453125 0.0140625 0.0578125
0 0.71171875 0.7453125 0.0109375 0.06015625
0 0.571875 0.559375 0.01484375 0.05390625
0 0.61171875 0.49609375 0.0125 0.04765625
0 0.63359375 0.5 0.0140625 0.05078125
0 0.3515625 0.54765625 0.01328125 0.05390625
0 0.3515625 0.51796875 0.01171875 0.0515625
0 0.39140625 0.3171875 0.009375 0.04296875
0 0.44609375 0.31640625 0.01015625 0.040625
0 0.49375 0.31953125 0.01171875 0.0421875
0 0.52421875 0.3859375 0.01015625 0.04140625
0 0.53671875 0.37578125 0.01015625 0.040625
0 0.528125 0.17890625 0.00859375 0.0359375
0 0.86953125 0.4546875 0.015625 0.0484375
0 0.88828125 0.31171875 0.0109375 0.0421875
0 0.20234375 0.4140625 0.0109375 0.04453125
0 0.1953125 0.4 0.01328125 0.04453125
0 0.1921875 0.38125 0.01796875 0.04375
0 0.059375 0.609375 0.0140625 0.05390625
0 0.0578125 0.39296875 0.01171875 0.0390625
0 0.296875 0.78828125 0.0140625 0.0625