0 0.5075639350197676 0.8663343943645205 0.016760774004105094 0.06151041887447377
0 0.6282577092202644 0.9393130812951622 0.03383918969514958 0.043360619600113635
0 0.6402128085563344 0.8990973090626433 0.015974978824565157 0.060701887023308386
0 0.6495469019404763 0.9064559412766287 0.012886340260883599 0.06684275961864686
0 0.6339133324622437 0.7730705224021547 0.014417024004105095 0.06142857332097762
0 0.7276678776417835 0.775563094542006 0.011305659542724555 0.0636631959163159
0 0.5811570128858153 0.57353182467174 0.01595679810640611 0.057576887023308564
0 0.6237308531466991 0.5085987946346732 0.013572141490547729 0.05046379146981224
0 0.6471410820694603 0.5141047501696361 0.01515282220870695 0.05364335517214318
0 0.34997519057891247 0.5537376467267734 0.013613048106406112 0.057495041469812234
0 0.34937574776050484 0.522460364875608 0.01281816256778665 0.05512400961864685
0 0.392794991415793 0.3122148348385411 0.010419870413308895 0.04566716406515052
0 0.4506165817748727 0.31267119182478276 0.010406234874689346 0.04332341406515052
0 0.5013751058771736 0.3183507621505356 0.012759075233769046 0.04496775961864685
0 0.5329972897185907 0.38978181804831813 0.010410780054229463 0.044104664065150526
0 0.5455609222321481 0.37928082766696497 0.011187484874689523 0.04335069591631591
0 0.5373949399897373 0.17114094545297984 0.009593168617910841 0.03782738221398514
0 0.8958603832009284 0.47434287884024207 0.016701686670087666 0.051354168874474124
0 0.9170501028521116 0.3242709569705432 0.011977825233768868 0.04494047776748138
0 0.19298536807561786 0.406820462791357 0.011991460772388506 0.047284227767481465
0 0.1860359313073344 0.3925124261308681 0.014335210772388507 0.04736607332097771
0 0.18224331079582962 0.372844766875041 0.019799415592848747 0.04677579627913566
0 0.041004190677108324 0.6078050655164293 0.015175548106406044 0.057549605172143005
0 0.0407643379231927 0.3804067518140985 0.012740894515609868 0.04184275961864685
0 0.2906855072284745 0.8056250397405318 0.015225545081344017 0.06614335517214301