0 0.2138299238245133 0.7470921268562166 0.021967225398715408 0.07121192466803503
0 0.1938486514074301 0.5316125726014904 0.018769490216354257 0.0680687439498758
0 0.18029660410472187 0.44264097619228665 0.01944163744281253 0.06338578912941557
0 0.27936531126732583 0.6834381721339522 0.020477460581076468 0.07432783430895533
0 0.49406359090260354 0.6884382477605049 0.018914960581076556 0.07431874394987581
0 0.4497382415475344 0.37780072961013217 0.01637118882958344 0.06571135841125635
0 0.5048822960684373 0.257183702580965 0.017479093939826384 0.046189198770336046
0 0.4991765035153817 0.30096097365820385 0.017624564304548684 0.05243919877033605
0 0.5123850183330205 0.3040087056060271 0.014445012917777689 0.050077268052176827
0 0.4960138295034372 0.36972006401728347 0.018569468464861138 0.05947499394987581
0 0.46952210505465236 0.46751721458301754 0.017915505033993105 0.06493919877033605
0 0.5989745221327427 0.4097405551384889 0.016280269851631956 0.061805108411256346
0 0.5461060549021525 0.2983445128858153 0.016861498100139018 0.0532159035907962
0 0.68812990074184 0.3045485402095701 0.016262086056041625 0.06102385841125635
0 0.6889280281166663 0.3709411546709507 0.015371733282499989 0.056331813231716585
0 0.7016066000206592 0.5310019559006147 0.016407556420763924 0.06727385841125635
0 0.7091840170987496 0.4739343444642962 0.015499019851631957 0.061800563231716586
0 0.7700500883371524 0.40952641081927077 0.016207534669270808 0.05868010841125635
0 0.821244339952673 0.6599758627128647 0.02056837955902786 0.07823408430895533
0 0.8411828187698609 0.27319348019930734 0.01851491707809032 0.05713124394987581
0 0.8591879363610413 0.27152644106989177 0.02236661569131968 0.054810219847574795
0 0.989493032200729 0.2777986460867437 0.008939895326597025 0.048482951795398146
0 0.9655398538203814 0.6357020496775398 0.018060975398715227 0.07118919877033605