0 0.4140625 0.7421875 0.01875 0.08125
0 0.14921875 0.64921875 0.0125 0.07421875
0 0.165625 0.75859375 0.02578125 0.078125
0 0.2140625 0.7515625 0.0234375 0.0734375
0 0.19765625 0.4703125 0.0203125 0.0609375
0 0.30546875 0.42265625 0.01796875 0.065625
0 0.35 0.43515625 0.01640625 0.0640625
0 0.346875 0.3671875 0.01953125 0.05390625
0 0.46328125 0.3875 0.01875 0.05859375
0 0.41015625 0.5171875 0.02890625 0.0734375
0 0.50546875 0.48359375 0.01796875 0.0640625
0 0.55546875 0.33046875 0.01328125 0.05625
0 0.5859375 0.35078125 0.01875 0.0546875
0 0.62578125 0.45546875 0.015625 0.0546875
0 0.65234375 0.35859375 0.01484375 0.06171875
0 0.62265625 0.5828125 0.01953125 0.06875
0 0.70390625 0.4625 0.01640625 0.05859375
0 0.69453125 0.3453125 0.0140625 0.05703125
0 0.74609375 0.32421875 0.01328125 0.05703125
0 0.9328125 0.33046875 0.01484375 0.05859375
0 0.7671875 0.51796875 0.015625 0.0609375
0 0.83046875 0.6890625 0.01953125 0.0671875
0 0.7953125 0.7265625 0.01796875 0.078125