0 0.4495189497141491 0.7394838709444579 0.022477689925866073 0.08471591923687924
0 0.17194453202080145 0.6481766270302425 0.01595487141421197 0.0767943250810779
0 0.19308790043978852 0.7611578681017888 0.029372530670039067 0.08093240016215582
0 0.24284236377929966 0.7532538648553779 0.026865089563046497 0.0762039898537303
0 0.2154514514434296 0.46136637378383166 0.022522329944399642 0.06363580600635448
0 0.32623269482000766 0.41018392897940714 0.021123521051392213 0.06829603246740415
0 0.3727629544386545 0.4218793595803721 0.018725207349061357 0.06669262215897862
0 0.36640133783376594 0.351635043427748 0.02224951143274545 0.055823306006354476
0 0.48823169781523246 0.3706150941590966 0.021659234390903493 0.061278419236879246
0 0.4382366762156861 0.5059446680223585 0.032333839563046494 0.0762994472400564
0 0.5354737747644073 0.4698514350684871 0.021068957349061355 0.06673353246740418
0 0.5814980589778255 0.3103576582831259 0.016108638837406986 0.058839211850553054
0 0.6142659189592921 0.33089230073464393 0.021522825135076216 0.057372169236879246
0 0.658655814420121 0.4379956887219351 0.017616575135076216 0.05730398538950343
0 0.6832887374709463 0.337504765020829 0.017862111795565027 0.06433523538950343
0 0.6609499791182438 0.5708490990303605 0.022795148456053838 0.0714483060063543
0 0.7401786329317753 0.44438996469651737 0.01931548439090349 0.06123750892845372
0 0.7265476641499686 0.32267860593021946 0.01691717068857255 0.0596340986200282
0 0.7789087723173366 0.2998763056059079 0.016135920688572548 0.05962046185055305
0 0.9736582771266601 0.30273075000659055 0.016971734390903492 0.0611965986200282
0 0.8077952080668516 0.5002757260606032 0.017834829944399645 0.06355398538950326
0 0.8796404701325692 0.6772552374246888 0.022767866604888453 0.07066705600635448
0 0.8450397808396751 0.7161637788205467 0.021560030670039153 0.08079603246740401