0 0.1328125 0.32734375 0.01484375 0.05390625
0 0.27734375 0.35 0.01171875 0.0578125
0 0.38046875 0.20859375 0.0125 0.05234375
0 0.40390625 0.12109375 0.0125 0.05078125
0 0.4390625 0.2328125 0.0125 0.05703125
0 0.51328125 0.275 0.015625 0.0546875
0 0.4890625 0.4 0.0171875 0.0578125
0 0.51796875 0.403125 0.015625 0.06171875
0 0.59609375 0.409375 0.0171875 0.065625
0 0.5921875 0.2046875 0.01484375 0.05703125
0 0.6359375 0.0875 0.01328125 0.0453125
0 0.68125 0.12265625 0.01484375 0.05078125
0 0.66875 0.28984375 0.0140625 0.0578125
0 0.684375 0.1953125 0.0125 0.0484375
0 0.7671875 0.2109375 0.0140625 0.04921875
0 0.76015625 0.33125 0.01328125 0.05703125
0 0.78203125 0.41796875 0.01640625 0.06328125
0 0.78515625 0.40703125 0.0125 0.059375
0 0.875 0.328125 0.0140625 0.05234375
0 0.86484375 0.1578125 0.0125 0.05390625
0 0.91875 0.234375 0.015625 0.0546875
0 0.925 0.20234375 0.0140625 0.0515625
0 0.5921875 0.81640625 0.02109375 0.078125