0 0.10266827729154737 0.31338082654882315 0.016279528007636036 0.05706887155129756
0 0.2523955572883657 0.3446794934412793 0.012418731341499623 0.06077040366347317
0 0.3611358526416375 0.20341376356766733 0.013917596674090583 0.05538354081860286
0 0.3864091199872733 0.11405801447217848 0.013109074673772448 0.052998847241038004
0 0.42100120130491037 0.23156641904016279 0.013190890674726851 0.06003009724103805
0 0.497835873965638 0.27936983321908543 0.016288618674408718 0.05785012155129756
0 0.4713177326145933 0.4085283887370094 0.01866873134149962 0.061097952283992105
0 0.5009688699475024 0.41320924468447473 0.0163704346753633 0.06488137155129756
0 0.5821461446133206 0.42371737675122184 0.018759638009226975 0.0689104522839921
0 0.5807034653087284 0.21179390886339747 0.01631589067472703 0.06019387155129754
0 0.6274341093252731 0.09229363636216026 0.014607940006363406 0.04761198439616776
0 0.6738909386537278 0.13068775101605282 0.016234074673772268 0.053162621551297515
0 0.6585824699634107 0.3042104601974499 0.015543731341499622 0.060934177973732594
0 0.6761432346435464 0.20585152532631232 0.013081802673454134 0.050655097241038026
0 0.7618898306413193 0.22676156885844864 0.015443734006999676 0.052340427973732596
0 0.7526228239576838 0.3513521330827999 0.01475339067472703 0.06011198439616781
0 0.7742336472788207 0.4423832468321812 0.017960206675681434 0.06730700870642714
0 0.7782671666136387 0.43165046472000573 0.013999412675045165 0.062414790818602836
0 0.8721904366247746 0.3544915004502259 0.01548009667409076 0.05546542797373259
0 0.86408867731541 0.17739673394188255 0.013145437340863353 0.05612384724103805
0 0.9186301793045921 0.2599912279489887 0.016288618674408895 0.05785012155129756
0 0.9260523279758193 0.22676597014707262 0.015471006007317812 0.054684177973732685
0 0.5725405938892779 0.8461279652858327 0.02282042934436319 0.08239642017181623