0 0.07697991680454255 0.37890625 0.01594832832748878 0.06328125
0 0.24026116680454254 0.37890625 0.01819662094116259 0.0578125
0 0.3767243668839728 0.125 0.011782979707460584 0.0484375
0 0.38856011931960477 0.2078125 0.01577105032431154 0.053125
0 0.4240203323879738 0.23515625 0.014249460632737155 0.05546875
0 0.49609020130054154 0.26875 0.013536394480112967 0.059375
0 0.4565583226487412 0.38515625 0.012727870941162678 0.0578125
0 0.47909184172346464 0.3921875 0.012727870941162678 0.0578125
0 0.5885755304388092 0.07265625 0.012441498782184012 0.04140625
0 0.5613254634754062 0.2015625 0.016552300324311632 0.053125
0 0.5533515020318902 0.38984375 0.015961965096963838 0.0640625
0 0.6629385564133915 0.15390625 0.012591503246410873 0.05
0 0.6439334119332786 0.21328125 0.013372753246410874 0.05
0 0.6401714379078609 0.29453125 0.015811960632737154 0.05546875
0 0.6780493133132504 0.228125 0.01877331939903506 0.04609375
0 0.821491396104966 0.15625 0.012659687093786686 0.05390625
0 0.8196271128267831 0.3078125 0.015784687093786685 0.05390625
0 0.7241782451320313 0.315625 0.01889605032431163 0.053125
0 0.722705474028713 0.4 0.018305715096963836 0.0640625
0 0.8799839602289954 0.2515625 0.014154003246410696 0.05
0 0.9101351103911511 0.225 0.016593210632736798 0.05546875
0 0.5292910702164045 0.78359375 0.023225040178041924 0.07734375