0 0.003125 0.4484375 0.00625 0.04375
0 0.08671875 0.4359375 0.0125 0.06015625
0 0.28203125 0.43984375 0.0171875 0.0546875
0 0.3734375 0.21484375 0.0125 0.05
0 0.4171875 0.27890625 0.01484375 0.05
0 0.42109375 0.31328125 0.01171875 0.0484375
0 0.50546875 0.44296875 0.01640625 0.05625
0 0.515625 0.446875 0.01875 0.0546875
0 0.56875 0.809375 0.01953125 0.06875
0 0.584375 0.12734375 0.01484375 0.04609375
0 0.55625 0.35 0.015625 0.053125
0 0.59609375 0.44375 0.015625 0.059375
0 0.61328125 0.26171875 0.01328125 0.05078125
0 0.6640625 0.27890625 0.0171875 0.04296875
0 0.671875 0.22890625 0.01328125 0.04609375
0 0.7375 0.30078125 0.01328125 0.04296875
0 0.67578125 0.39140625 0.0125 0.0546875
0 0.75625 0.425 0.01328125 0.0609375
0 0.76640625 0.4484375 0.01484375 0.0578125
0 0.76484375 0.359375 0.01640625 0.0546875
0 0.8359375 0.33046875 0.0109375 0.05
0 0.8328125 0.24921875 0.0140625 0.0515625
0 0.91171875 0.35 0.0140625 0.053125
0 0.95859375 0.3328125 0.015625 0.0578125
0 0.99453125 0.2 0.0109375 0.04453125