0 0.024574836646646465 0.46431703866963625 0.014448840260883755 0.06656988200190898
0 0.24022710772388534 0.4715135626989076 0.019104524004105096 0.061155676002545435
0 0.33955844545068625 0.2234675087125888 0.01438066256778665 0.054851132001908984
0 0.3891908067888089 0.29513397071927033 0.016724412567786652 0.05487840400222712
0 0.39253397540671975 0.3326703333863612 0.013594867388246801 0.054060791335136305
0 0.48712483362158443 0.4782924633990879 0.018327819183645032 0.06192783533577266
0 0.4988663095192834 0.4823350734006787 0.021448274004105095 0.06118294800286357
0 0.5597962818027452 0.8845793734086328 0.022315882415361442 0.07603578866963616
0 0.5725885931877499 0.1293106180776328 0.01670623184962743 0.051753404002227166
0 0.5427748699223296 0.3758219914067239 0.018309638465485632 0.058802835335772574
0 0.5879060836215844 0.4794651594127691 0.018350545081343837 0.06583408533577248
0 0.6047021773003136 0.27811174474854167 0.01517100292686635 0.05642272266868176
0 0.6610612616092691 0.2975162727561777 0.01902725595192827 0.047874426002545344
0 0.6693368490414825 0.24292877009067765 0.015143731849627428 0.05173522266868176
0 0.7432379573545429 0.32347079276731355 0.014339755951928268 0.04781988200190899
0 0.6750697403356385 0.422670814091314 0.014417024004105095 0.06110113200190899
0 0.7643504089535493 0.4612071501034043 0.014457930619963477 0.06813238200190916
0 0.776219149878363 0.48712476010499517 0.016778954722264317 0.0642534040022273
0 0.7733027072563471 0.388659988104677 0.018323274004105095 0.06114658533577266
0 0.852022604895215 0.357546895448722 0.012818162567786829 0.05483295066836362
0 0.847593659248137 0.26765769211485835 0.01595679810640611 0.05721306333545444
0 0.9357436199223296 0.38039459679340326 0.015965888465485634 0.05877556333545444
0 0.9871970356133742 0.36224458080040295 0.017560204722264317 0.06426249466899989