0 0.3790841624446347 0.6313401343371385 0.021045937384445424 0.0792335324674042
0 0.12462896080791741 0.2789317491892211 0.0192106527447093 0.06983125892845372
0 0.12551551088705967 0.2484629991892211 0.01990933471887839 0.0401710324674041
0 0.34709264568508036 0.1743185669666983 0.01822481426490725 0.06278637215897857
0 0.3633972587754886 0.07018049188562045 0.016662314264907253 0.06275909862002822
0 0.38289009019566167 0.31268559172346466 0.018293010424841327 0.06513012215897858
0 0.43755250963341846 0.2320844281686283 0.018338474531464043 0.06669262215897857
0 0.5221511669969813 0.3571059732179341 0.01824754631821861 0.06356762215897857
0 0.4919541677884041 0.05310031169169257 0.02029577962517113 0.05345228246740408
0 0.493175686988734 0.06479178815274222 0.024292957838416562 0.05664546631477994
0 0.534555541765872 0.19915710552318236 0.017511760424841327 0.06511648538950343
0 0.5228846043814267 0.2782269967568844 0.021486206584775226 0.06752841923687924
0 0.6016915659807669 0.2534258198093674 0.01882420783841656 0.05655000892845372
0 0.5921921970178639 0.15051900812097013 0.017792905251991797 0.04794262215897858
0 0.6402098113619135 0.05675932549141027 0.015699207838416385 0.056495461850553055
0 0.6366097867513071 0.15364796226088542 0.020295779625171307 0.0534522824674041
0 0.6260610801665318 0.22098546672511227 0.020386707838416385 0.05657728246740403
0 0.6358536173135504 0.2333081887219351 0.017974761678482488 0.054192622158978576
0 0.6227793043022845 0.30693660349458746 0.021486206584775402 0.06752841923687924
0 0.723905198271505 0.1591518940796664 0.016616850158284534 0.0611965986200282
0 0.7355186481923628 0.18940245576806367 0.015835600158284537 0.06118296185055305
0 0.807583864806268 0.20844673620687287 0.018042957838416383 0.056536372158978575