0 0.12567826718571193 0.45542590053811927 0.019845510515449583 0.06638913337461147
0 0.17430503844375372 0.15791089164677913 0.016474849050060313 0.061556084160399795
0 0.2195157191310198 0.24351875186202684 0.017627913274411534 0.05381635876750561
0 0.3376272320213186 0.151087195204217 0.014175364653892509 0.04742080955329393
0 0.3455968622790434 0.1836085967757936 0.01512038896415202 0.05058219685684686
0 0.3531238364984458 0.35711887138289944 0.017215155472495434 0.06081122146395277
0 0.3793753980092636 0.2752310165443352 0.017010437584671044 0.05690497146395277
0 0.4497177962456698 0.13803492349259527 0.01746413896415202 0.050691358767505613
0 0.4604096347802805 0.13283800124285428 0.01692855042954129 0.05534247146395268
0 0.43633580619529244 0.40571472911694784 0.01754270409301455 0.06706122146395263
0 0.41073601989924546 0.514982721259065 0.01988645409301455 0.06717038337461148
0 0.5386773134313817 0.5951710272977022 0.022393978403274062 0.07040454528527036
0 0.5246159769329359 0.2222600661728317 0.018327276119281775 0.052290246071058546
0 0.5463205585701416 0.24787649628045552 0.014421026119281777 0.05210830955329389
0 0.5421996246035152 0.28879259470887897 0.02215163896415202 0.0509096825888232
0 0.5865062245580868 0.3720930922276796 0.01947701831736559 0.059357883374611474
0 0.6139860933958508 0.3136427373891154 0.01606541327441171 0.053743584160399746
0 0.6051832242194024 0.1456739873891154 0.01179067107632754 0.046530397642635134
0 0.7639717260284248 0.18683402667852966 0.013844494007106255 0.055978172249741
0 0.7404201978729781 0.5145074164632819 0.020050228403273883 0.07029538337461147
0 0.6858002176606817 0.39879467928356355 0.01869576831736559 0.05932149607105863
0 0.8317401594292242 0.3442248416085071 0.019640792627625102 0.06248288337461148
0 0.963169464608464 0.08749319045121527 0.019026638964152198 0.0507641333746115