0 0.103125 0.45625 0.015625 0.06484375
0 0.16640625 0.16484375 0.01328125 0.06015625
0 0.20703125 0.2515625 0.01484375 0.053125
0 0.32890625 0.16640625 0.01171875 0.04609375
0 0.334375 0.1984375 0.0125 0.05
0 0.33359375 0.36953125 0.01328125 0.059375
0 0.36328125 0.290625 0.0140625 0.05625
0 0.4390625 0.1578125 0.01484375 0.05
0 0.45078125 0.153125 0.0140625 0.05390625
0 0.4125 0.421875 0.0140625 0.065625
0 0.38203125 0.52890625 0.01640625 0.065625
0 0.50390625 0.61328125 0.01875 0.06875
0 0.509375 0.24453125 0.015625 0.05078125
0 0.5296875 0.27109375 0.01171875 0.05078125
0 0.5234375 0.3109375 0.01875 0.05
0 0.5625 0.3953125 0.01640625 0.0578125
0 0.5921875 0.3390625 0.01328125 0.053125
0 0.59296875 0.17265625 0.009375 0.0453125
0 0.746875 0.2203125 0.0109375 0.0546875
0 0.70703125 0.54296875 0.015625 0.06875
0 0.659375 0.4265625 0.015625 0.0578125
0 0.80546875 0.37890625 0.015625 0.0609375
0 0.9484375 0.13203125 0.015625 0.05