0 0.09107684180888566 0.5335552236210536 0.021660984284234287 0.0635920631400623
0 0.18255790467194846 0.2895615708913956 0.016609611248705036 0.055506547355046634
0 0.2140647698495949 0.33035317086316074 0.019807385855810898 0.057251057878390375
0 0.3341567919755014 0.299170331273565 0.01802656203449331 0.05247255261671846
0 0.33852111434907695 0.3594175865352368 0.016573223945152017 0.05472529735504663
0 0.3240990494190995 0.41779152865684643 0.0221511358558109 0.057387565770898166
0 0.35257511393479213 0.5106083602127601 0.01771834698068133 0.06258329998588259
0 0.4019179884180635 0.4659552838479312 0.016937096980681333 0.06253779735504672
0 0.3977870682352371 0.6449147417545564 0.02124360731976358 0.07135906050922643
0 0.49590785276714044 0.8111305469315238 0.018790695409104784 0.06887880261671846
0 0.4563763943328663 0.2969392443148052 0.017172537427387446 0.05086454998588259
0 0.46148127129733696 0.2894452627306566 0.011376301695410974 0.04351478157003115
0 0.5204645113725395 0.1339379863517102 0.012157551695410973 0.043560284200867015
0 0.5821940316364191 0.30504641787938896 0.015047111248705036 0.055415542093374806
0 0.4965155508668415 0.37251536796409357 0.018953361248705038 0.05564305524755442
0 0.5833263461521119 0.39627065735604533 0.02037031203449331 0.052609060509226244
0 0.6269714923470049 0.4634805441595134 0.013501727874093561 0.038963789462538756
0 0.6272647448282044 0.5032332888978415 0.01760918507002245 0.06023954998588259
0 0.6898032861845331 0.5411574941030436 0.016119459677128488 0.06171104472421085
0 0.6647218953663236 0.40412793096298144 0.01646406203449331 0.05238154735504654
0 0.729345283289049 0.6540971098598243 0.022696945409104784 0.06910631577089817
0 0.7894115262597357 0.3880163545275653 0.01750002315936392 0.05789579998588259
0 0.9014449534718754 0.4849207175829228 0.01760918507002245 0.06023954998588259