0 0.0703125 0.5125 0.01796875 0.059375
0 0.16796875 0.27734375 0.01328125 0.0515625
0 0.1953125 0.3140625 0.015625 0.05234375
0 0.31015625 0.278125 0.01484375 0.0484375
0 0.31171875 0.33515625 0.01328125 0.05078125
0 0.29609375 0.390625 0.01875 0.05234375
0 0.31875 0.4765625 0.0140625 0.0578125
0 0.3671875 0.43203125 0.01328125 0.0578125
0 0.35546875 0.60078125 0.0171875 0.065625
0 0.440625 0.75234375 0.01484375 0.06328125
0 0.42578125 0.26953125 0.0140625 0.046875
0 0.43046875 0.26171875 0.00859375 0.040625
0 0.49375 0.11171875 0.01015625 0.040625
0 0.54375 0.2703125 0.01171875 0.0515625
0 0.4609375 0.33828125 0.015625 0.0515625
0 0.54140625 0.35625 0.0171875 0.0484375
0 0.5796875 0.41640625 0.0109375 0.0359375
0 0.578125 0.4546875 0.0140625 0.05625
0 0.6359375 0.48671875 0.0125 0.05703125
0 0.61796875 0.35859375 0.01328125 0.0484375
0 0.66796875 0.59140625 0.01875 0.06328125
0 0.73671875 0.33671875 0.0140625 0.05390625
0 0.83828125 0.42265625 0.0140625 0.05625
0 0.9546875 0.2484375 0.01875 0.05234375