0 0.03989729348173171 0.5358016873408633 0.027205009171200036 0.07607215133672725
0 0.17134953345260184 0.44980164735836253 0.02121342194503919 0.058039766669318024
0 0.19356316574334004 0.35784141402768055 0.018915136051661906 0.05957499466899989
0 0.24471648878373592 0.37250389803468026 0.020659492478152595 0.06584317600254526
0 0.29854383392745554 0.26840729137490715 0.01496342194503919 0.057967041335136214
0 0.23615016785491108 0.5326146947008166 0.020659492478152686 0.06584317600254544
0 0.35441443454795857 0.5238311353834977 0.016821438638086585 0.06814147266868176
0 0.3670772220906885 0.38408738271799764 0.016412261678482486 0.05407897266868176
0 0.3811935463847256 0.4092601053866794 0.018778743731793845 0.05488749466899989
0 0.463819492940371 0.25548167206395156 0.014940689891727744 0.05718579133513622
0 0.4964357646479834 0.2894663207351787 0.01572193989172792 0.05719488200190899
0 0.5554985275801071 0.24717028007636013 0.01397758346523723 0.050926700668363536
0 0.5475449382423753 0.09077482940799655 0.013886655251991797 0.047801700668363555
0 0.4864971603330638 0.46988052673454234 0.02762254631821861 0.06358124200349984
0 0.5154966870552411 0.5475879034054512 0.024543010424841326 0.06510737933640894
0 0.5818240321989606 0.44363674741404174 0.019787314264907253 0.06270908533577266
0 0.6126133794542513 0.513549805418496 0.018937868104973176 0.060356244668999894
0 0.671101829375109 0.544709446093223 0.016912366851332017 0.07126647266868176
0 0.6090745054767833 0.3665838987507689 0.017838369358614513 0.04940965400222712
0 0.7138409103330636 0.4725259107654045 0.020545832211595894 0.06193692600254543
0 0.8109372191876947 0.5197650847787676 0.0243384219450391 0.05807612933640893
0 0.9535315476383669 0.4268610641310849 0.01940086935861416 0.04942783533577266
0 0.5048891783462593 0.9390032440722239 0.022031775864247472 0.08616476666931802