0 0.1064020744482022 0.5620812819860006 0.024636906517662416 0.07215681066995447
0 0.1859486738824681 0.536935283975183 0.013690316158582804 0.07046704133513622
0 0.2211811501729506 0.281039272636865 0.013663045081344017 0.06577954133513622
0 0.3147634994108248 0.385426233290911 0.019136340260883778 0.06662442600254544
0 0.3290674148072818 0.5610529419557748 0.024600545081343926 0.0659068106699543
0 0.343811170857406 0.5436927192870931 0.02141191256778665 0.054932948002863566
0 0.3935349566671719 0.7642228479471843 0.021552813133520754 0.07915169800286356
0 0.41626743295765445 0.5084722872772298 0.01682440651766228 0.0720659040022273
0 0.4899640081914235 0.552149014600594 0.019136340260883778 0.06662442600254544
0 0.5465725564942213 0.47882914592618525 0.023782933645025393 0.059647720003181706
0 0.44659878580976586 0.21591206993954826 0.01594770774732641 0.05565056333545444
0 0.4852209242752516 0.27406037726768484 0.016760774004105094 0.06112840400222721
0 0.579388559912067 0.21046040658818543 0.012863614363184794 0.06264545066836354
0 0.5923299632082755 0.42048029658659464 0.01600679508134384 0.06580681333545439
0 0.6379515354169825 0.47307803791377667 0.017542024004105095 0.06113749466899989
0 0.6373833879745063 0.3754217879137767 0.022274975799503237 0.06900453866963625
0 0.7188970083878152 0.41978885856941356 0.015993159542724556 0.06346306333545434
0 0.7544799843837101 0.3584331878978683 0.019113614363184796 0.06271817600254534
0 0.7437293576256895 0.5249757978994591 0.025345433645025395 0.05966590133672707
0 0.8093998094210875 0.5320246818905504 0.02376929810640611 0.0573039700031817
0 0.8778816438282387 0.48513095321455085 0.022206798106405756 0.05728578866963616
0 0.9019367673648055 0.4567241425445966 0.024573274004104917 0.0612193106699543