0 0.13203125 0.56015625 0.0234375 0.06953125
0 0.20859375 0.53671875 0.01328125 0.0671875
0 0.24453125 0.28984375 0.01328125 0.06328125
0 0.33359375 0.3921875 0.01796875 0.0640625
0 0.346875 0.5609375 0.0234375 0.06328125
0 0.3609375 0.54453125 0.0203125 0.053125
0 0.4078125 0.7578125 0.0203125 0.07578125
0 0.43125 0.5109375 0.015625 0.06953125
0 0.50234375 0.5546875 0.01796875 0.0640625
0 0.55703125 0.484375 0.02265625 0.05703125
0 0.46171875 0.2296875 0.01484375 0.05390625
0 0.49921875 0.28671875 0.015625 0.059375
0 0.58984375 0.22578125 0.0125 0.06015625
0 0.6015625 0.42890625 0.015625 0.06328125
0 0.6453125 0.4796875 0.01640625 0.059375
0 0.6453125 0.3859375 0.02109375 0.06640625
0 0.7234375 0.42890625 0.015625 0.0609375
0 0.75859375 0.3703125 0.01796875 0.06015625
0 0.746875 0.53125 0.02421875 0.05703125
0 0.81015625 0.53828125 0.02265625 0.0546875
0 0.8765625 0.49375 0.02109375 0.0546875
0 0.9 0.4671875 0.0234375 0.059375