0 0.0171875 0.54296875 0.02109375 0.06953125
0 0.134375 0.21875 0.0140625 0.05703125
0 0.2015625 0.31484375 0.015625 0.0578125
0 0.23125 0.36796875 0.015625 0.06328125
0 0.27734375 0.48359375 0.0171875 0.0609375
0 0.28203125 0.5078125 0.0203125 0.06484375
0 0.1109375 0.56328125 0.01484375 0.06640625
0 0.3171875 0.62109375 0.02109375 0.0734375
0 0.3984375 0.475 0.01640625 0.0546875
0 0.4078125 0.4640625 0.01953125 0.0578125
0 0.434375 0.52890625 0.01640625 0.06328125
0 0.46171875 0.4953125 0.0203125 0.06875
0 0.434375 0.27578125 0.01328125 0.05703125
0 0.62109375 0.0140625 0.0109375 0.028125
0 0.63046875 0.30859375 0.015625 0.05625
0 0.625 0.465625 0.01953125 0.0640625
0 0.63671875 0.478125 0.01640625 0.06171875
0 0.634375 0.5734375 0.015625 0.06875
0 0.59375 0.6296875 0.01640625 0.0734375
0 0.68671875 0.646875 0.01484375 0.071875
0 0.7453125 0.646875 0.0203125 0.06640625
0 0.65625 0.821875 0.01640625 0.07734375
0 0.778125 0.66015625 0.01796875 0.0703125
0 0.92265625 0.64765625 0.01953125 0.0703125