0 0.11507556686999983 0.23200740514873236 0.016262086056041715 0.06180204998588259
0 0.18456848964767333 0.33853739718563747 0.017842769851632002 0.06267430524755442
0 0.21529050636517327 0.3966530050499103 0.017970056420763925 0.06814305524755451
0 0.2616362166619093 0.5229571707925735 0.019478005033993107 0.06589031050922625
0 0.26570546761183983 0.5497926865775892 0.023493357807534743 0.07080532366340578
0 0.08229224914697866 0.5985655735928187 0.01726154160312505 0.07122255261671846
0 0.3011682292953467 0.6731160654885494 0.02447462955902786 0.07944457629424181
0 0.39074248841340237 0.5218713548805012 0.019332534669270807 0.059640310509226246
0 0.40117149534725655 0.5107441390813682 0.021749019851631957 0.06290181840173403
0 0.4276781375397217 0.5819134837914615 0.019532556420763923 0.06823406050922624
0 0.45820209213687446 0.5477050837632266 0.023602460581076557 0.07549282366340578
0 0.4347509808139581 0.31164648642229736 0.015480836056041624 0.06175654735504663
0 0.6396073606573264 0.04742290465462219 0.011410278685347209 0.02094953683170294
0 0.6425446438079858 0.3581706888554892 0.017788218464861137 0.060330555247554415
0 0.633166377756076 0.5258209204396377 0.021912674011944588 0.06993306840173404
0 0.644557819435451 0.5405659599021766 0.019514372625173592 0.06745281050922625
0 0.6406314260087148 0.6420374546405048 0.018914960581076556 0.0752198078783902
0 0.5947000237482634 0.699600054682857 0.01978712955902786 0.07917156050922625
0 0.6942636126540966 0.7241743914298554 0.01742519576343753 0.07825380261671847
0 0.756781796449687 0.7270333518967294 0.023511541603124898 0.07158657366340578
0 0.6571051855080201 0.9089820309347466 0.019896232332569496 0.08385906050922642
0 0.7916107381290619 0.7431434702843459 0.02049564437666689 0.0760920631400623
0 0.9458261126540968 0.7388262385590231 0.022839394376666888 0.0762285710325699