0 0.02890625 0.54765625 0.015625 0.0609375
0 0.1546875 0.53203125 0.0203125 0.05859375
0 0.1703125 0.4640625 0.01953125 0.053125
0 0.2296875 0.44296875 0.02578125 0.05859375
0 0.24296875 0.3875 0.01640625 0.05546875
0 0.25625 0.3328125 0.01484375 0.0609375
0 0.1609375 0.21484375 0.0125 0.05546875
0 0.26796875 0.4484375 0.02265625 0.0578125
0 0.2953125 0.4328125 0.01875 0.04921875
0 0.334375 0.55546875 0.0203125 0.06328125
0 0.33828125 0.4265625 0.02265625 0.05078125
0 0.465625 0.3078125 0.0203125 0.05234375
0 0.45546875 0.4671875 0.025 0.06171875
0 0.51875 0.5046875 0.01640625 0.05703125
0 0.62421875 0.29453125 0.0125 0.05546875
0 0.615625 0.40546875 0.01640625 0.06328125
0 0.65859375 0.434375 0.0140625 0.059375
0 0.6515625 0.52109375 0.01953125 0.06484375
0 0.60390625 0.59453125 0.01875 0.06953125
0 0.715625 0.6109375 0.01796875 0.071875
0 0.72421875 0.62578125 0.01640625 0.0734375
0 0.82890625 0.61328125 0.01796875 0.06484375
0 0.96640625 0.5359375 0.01796875 0.071875
0 0.653125 0.01640625 0.0140625 0.0328125
0 0.69296875 0.80859375 0.021875 0.075