0 0.04647036516993982 0.5453890563473485 0.01892109634967847 0.06219612311953817
0 0.1723961952079959 0.5260814637109112 0.02348126235728971 0.059207515439406146
0 0.18603293087353986 0.4576353405913731 0.021727761368706487 0.05447455133278343
0 0.2445484264249156 0.4348139545397112 0.028200595855386902 0.060125157759274114
0 0.2555376645619175 0.37817750963341845 0.018666428364900865 0.05594612311953817
0 0.2665905696951138 0.32310356472712565 0.018108012851581277 0.06139214106622681
0 0.16568996148243725 0.20793085728442057 0.01476017836490091 0.05583246285298147
0 0.28305251091159594 0.43916883392745554 0.025043762357289622 0.05925297954602886
0 0.30975959094965205 0.4227482120615586 0.020755510380123354 0.049764319279472245
0 0.3546012001509118 0.5442451273426803 0.022922846843970036 0.06465353338609496
0 0.3532549229648745 0.4152252170761236 0.02472542737631773 0.05144047954602886
0 0.4765093977560035 0.29196591033306374 0.02247717787060921 0.053716033386094875
0 0.4728790148659286 0.45241767702611113 0.02751484634967838 0.062446175705962934
0 0.5377201062726913 0.48885763070789257 0.019511345361095424 0.05753135517284953
0 0.635311394790254 0.2732660714575502 0.014760178364900867 0.05583246285298147
0 0.631269835018153 0.38523487404397494 0.019797846843970034 0.06456260517284954
0 0.6754164244477492 0.41289086111185125 0.01651367935348418 0.060565426959604096
0 0.6719823597327323 0.5013766995916533 0.022205263840164413 0.0661933013327836
0 0.6273184585538688 0.5762008548436451 0.021615014828747548 0.07085806927947225
0 0.7397057120139099 0.5893564212201234 0.021678681824942102 0.07242056927947224
0 0.7496855484777566 0.6039273865803872 0.019398598821136304 0.07391487311953818
0 0.8538637125082016 0.5883812914366677 0.021424013840164235 0.06617056927947225
0 0.9889616126984819 0.5062327180005604 0.020897431824942102 0.07239783722616089
0 0.6529167529657496 0.004674161982416348 0.015208505931499161 0.009348323964832697
0 0.7259164205305976 0.7884304187128409 0.02496284931542796 0.07641774749271768