0 0.105025871792675 0.4625885797043134 0.024659705748187023 0.07717626543940632
0 0.1938936267550737 0.5447538735152495 0.024514156533975307 0.07405126543940632
0 0.26655203080784967 0.5804162403665816 0.025440955748186944 0.0771989974927175
0 0.2776606970617347 0.41689930964605376 0.022769720016210648 0.07009955133278356
0 0.37473905831043963 0.474337388096726 0.022206793837528237 0.07476431927947225
0 0.3239277673683955 0.2879536072179135 0.01964472001621065 0.07000862311953818
0 0.3689321681114026 0.5841753893503672 0.02674874462331651 0.07177571159934022
0 0.4165048732404171 0.4162581151354724 0.022333072373575468 0.06072455133278356
0 0.4892338978475229 0.41993469609342704 0.024041121587787196 0.06389501543940615
0 0.504653382546042 0.3322217474262105 0.016265008891340214 0.06444894490629283
0 0.5417916635632887 0.35904867187853223 0.0257491708019991 0.06706547954602886
0 0.5379239549196175 0.3932645475053528 0.017863896194893057 0.06527565901291546
0 0.6104089228689136 0.27444400283648684 0.01719180810555194 0.0675966769596041
0 0.6587501852749104 0.4747993555020539 0.021134445409104786 0.06849158722616089
0 0.5559955204687674 0.580256082145089 0.026894293837528237 0.07490071159934023
0 0.6510896966474499 0.5783418926490725 0.016592494623316512 0.07148019490629273
0 0.6668966331652145 0.5827027837152993 0.018409705748187122 0.07699440901291546
0 0.6766847020241333 0.5080892286215921 0.021988470016210647 0.07007681927947225
0 0.7992467526860871 0.45938260715140655 0.0273116708019991 0.0671109436526514
0 0.8940541385418982 0.5183149894421447 0.02198847001621047 0.07007681927947225
0 0.9709376621155466 0.42692912298652413 0.02500430810555194 0.0678239974927175
0 0.5782880132300571 0.8578726167848248 0.024950804176610573 0.08342626543940597