0 0.08984375 0.478125 0.01953125 0.06953125
0 0.1671875 0.55 0.01953125 0.06640625
0 0.2328125 0.58046875 0.0203125 0.06953125
0 0.24921875 0.43125 0.01796875 0.0625
0 0.3359375 0.48125 0.0171875 0.0671875
0 0.29765625 0.31328125 0.015625 0.0625
0 0.32578125 0.58125 0.021875 0.06484375
0 0.37578125 0.42734375 0.01796875 0.0546875
0 0.4421875 0.42890625 0.01875 0.05703125
0 0.46015625 0.3484375 0.01171875 0.0578125
0 0.49296875 0.371875 0.0203125 0.06015625
0 0.48828125 0.403125 0.01328125 0.059375
0 0.559375 0.29296875 0.0125 0.0609375
0 0.59453125 0.47421875 0.01640625 0.06171875
0 0.49609375 0.57265625 0.02109375 0.0671875
0 0.58359375 0.56875 0.01171875 0.06484375
0 0.59765625 0.571875 0.01328125 0.06953125
0 0.61015625 0.50390625 0.01640625 0.0625
0 0.7234375 0.45625 0.021875 0.06015625
0 0.8078125 0.5078125 0.01640625 0.0625
0 0.88203125 0.421875 0.0203125 0.0609375
0 0.5046875 0.825 0.01875 0.075
0 0.51484375 0.03828125 0.01328125 0.04609375