0 0.01902587864850504 0.5974562282485069 0.011892073863261899 0.054942073138263936
0 0.14452293627971255 0.399143401976111 0.014194913554836397 0.052652874525034754
0 0.2357285888775003 0.34074771409645815 0.014907979707460583 0.048764808320625
0 0.22526046752930062 0.45744490482590267 0.015743776785361163 0.05190799211621524
0 0.27999283197764147 0.41396635533899284 0.015030710632737065 0.055796058320625085
0 0.35540984334172715 0.3465593433711455 0.015003437093786686 0.054233558320625
0 0.4091990909060952 0.42815352906659687 0.02426934293798535 0.04820176386770836
0 0.41947807183137176 0.43494838972392325 0.021185253246410872 0.050472778685347205
0 0.44717064934808165 0.36474433928708294 0.013400026785361164 0.05185344072944442
0 0.403319058031654 0.5838223008180898 0.01748355478853849 0.06210060970739591
0 0.44292130032101634 0.5242829934473955 0.015852870941162677 0.05815799211621524
0 0.5000365507280533 0.34866409118694397 0.015784687093786685 0.05425174211621524
0 0.5493657637931271 0.8016066000206592 0.019168785713814883 0.06916822729857657
0 0.5522632982924215 0.43029464447357596 0.013468210632737154 0.0557596907294446
0 0.5739746570587194 0.4204104981970481 0.012659687093786686 0.054179006933854225
0 0.5833012439109201 0.1935388736720134 0.014003998782184012 0.04171537452503475
0 0.6377177828711458 0.31107055936746475 0.012536956168510116 0.04714775693385418
0 0.6699808579522237 0.32360627374826334 0.012496045860084593 0.04480400693385418
0 0.6623416818154857 0.37849379549975637 0.011042640015886108 0.0510176393426736
0 0.6760065357105196 0.5344892223614925 0.013468210632737154 0.0557596907294446
0 0.6898196197200512 0.5646488478364577 0.017483554788538313 0.06210060970739591
0 0.7659518770269472 0.3143384168906591 0.017292640015886106 0.051163109707395904
0 0.9565456493480816 0.35288850456222143 0.014976163554836575 0.052671058320625