0 0.2421875 0.53125 0.0140625 0.0703125
0 0.37890625 0.53515625 0.01875 0.0671875
0 0.40859375 0.53671875 0.0171875 0.06796875
0 0.44921875 0.53203125 0.0171875 0.0703125
0 0.515625 0.53984375 0.015625 0.06796875
0 0.515625 0.509375 0.01171875 0.04375
0 0.52578125 0.48203125 0.015625 0.06171875
0 0.54375 0.528125 0.0140625 0.0671875
0 0.50625 0.8015625 0.02109375 0.0890625
0 0.55234375 0.3109375 0.01171875 0.06171875
0 0.6171875 0.446875 0.01171875 0.0578125
0 0.63828125 0.4328125 0.01328125 0.0625
0 0.67265625 0.47578125 0.0171875 0.0625
0 0.68203125 0.48828125 0.0140625 0.0625
0 0.67421875 0.53125 0.0171875 0.06796875
0 0.71953125 0.43203125 0.01875 0.028125
0 0.715625 0.46796875 0.01484375 0.06015625
0 0.72578125 0.4625 0.01171875 0.06015625
0 0.73125 0.45390625 0.01171875 0.06328125
0 0.73671875 0.4609375 0.01328125 0.06171875
0 0.74140625 0.45234375 0.0125 0.059375
0 0.73203125 0.4078125 0.01015625 0.04375
0 0.99140625 0.12109375 0.0125 0.05390625