0 0.22044522079961532 0.53359375 0.016927514828747638 0.0703125
0 0.3577542198110321 0.53828125 0.02151951433445607 0.06796875
0 0.3873780528148377 0.53984375 0.01998884783255317 0.06875
0 0.42897530380342097 0.53515625 0.020833764828747547 0.0703125
0 0.4950632188224489 0.54296875 0.01842634783255335 0.06875
0 0.49630472524823954 0.5125 0.013533259391540042 0.04453125
0 0.5075751476816415 0.48515625 0.018139846349678378 0.06171875
0 0.5236657212939069 0.53125 0.01683201433445607 0.06796875
0 0.47499216346179124 0.80546875 0.02472276878308044 0.0890625
0 0.5411410172630244 0.31328125 0.01423359634967838 0.06171875
0 0.6012269885941125 0.44921875 0.014074428859192523 0.0578125
0 0.622893741559862 0.43515625 0.016609179847775657 0.0625
0 0.6562991491645163 0.478125 0.019734179847775656 0.0625
0 0.6651648131949611 0.490625 0.016609179847775657 0.0625
0 0.6555696373015181 0.534375 0.019988847832553346 0.06875
0 0.7049568250579592 0.434375 0.020677255931498984 0.028125
0 0.6995862341454882 0.4703125 0.01732676285158128 0.0609375
0 0.7099653186321685 0.46484375 0.01420176285158128 0.0609375
0 0.7157842371112377 0.45625 0.014329096843970036 0.0640625
0 0.7209346521302658 0.4640625 0.01657734634967838 0.06171875
0 0.726004154107432 0.4546875 0.014951179353484178 0.06015625
0 0.7176624134989723 0.41015625 0.011970759391540043 0.04453125
0 0.9895652242968375 0.121875 0.01232092787060921 0.053125