0 0.21543741270733213 0.4606043865893028 0.016275869358614515 0.04999667797373277
0 0.247692320070895 0.3359252911572872 0.015358227038746364 0.045268234396167804
0 0.273254609725196 0.302942372794493 0.015426423198680438 0.0476119843961678
0 0.32392821113712184 0.3555218181810801 0.01933267319868044 0.04781670228399211
0 0.3835101481258558 0.2853188608087053 0.010670727038746363 0.045022572930778534
0 0.40135687767188466 0.30887586951513263 0.012969012932123648 0.04358290366347308
0 0.3941270508705651 0.35530049016191895 0.013704798825501019 0.04206134724103805
0 0.37113348324044554 0.4765646585247132 0.017701977038746364 0.04539106512886235
0 0.33781016937124975 0.5645250039567289 0.01652592194503919 0.058590427973732595
0 0.49245351992524566 0.7855855336940554 0.01746629631821861 0.06410012155129756
0 0.47012594655564544 0.17908987222866607 0.017429192399010418 0.03601606512886239
0 0.47804139812585583 0.29027303369405527 0.01620767319868044 0.04765292797373259
0 0.502652604710631 0.3586478974434367 0.016875262932123648 0.04378762155129756
0 0.518717873910961 0.3477889625722991 0.013750262932123647 0.04362384724103805
0 0.5193520228947466 0.45000988183960444 0.017906565518548412 0.05242231512886235
0 0.5800060295586642 0.5506959565794054 0.017375368104973178 0.06097512155129756
0 0.591536911453691 0.4912357473980082 0.014690637305303155 0.04913354081860284
0 0.5773403676427548 0.40546534373453513 0.014622441145369081 0.046789790818602885
0 0.5757407637235465 0.37729940015697017 0.01698892319868044 0.04769387155129756
0 0.593513285431159 0.34468829601852724 0.017679244985435005 0.04460981512886235
0 0.7082433751646022 0.3468007519205639 0.015426423198680438 0.0476119843961678
0 0.6997298446815012 0.45634284825709076 0.014068511678482488 0.05456134724103805
0 0.8756187432695753 0.41563704036431764 0.015494619358614159 0.04995573439616781
0 0.8628339352728744 0.2979582174335391 0.01207410266556721 0.03963571008590829