0 0.2046875 0.45703125 0.0140625 0.04765625
0 0.2390625 0.33515625 0.01328125 0.04296875
0 0.26484375 0.3015625 0.01328125 0.0453125
0 0.3125 0.35078125 0.0171875 0.0453125
0 0.371875 0.2796875 0.00859375 0.04296875
0 0.38828125 0.30078125 0.0109375 0.04140625
0 0.38046875 0.34609375 0.01171875 0.03984375
0 0.35390625 0.46484375 0.015625 0.04296875
0 0.31953125 0.5515625 0.0140625 0.05625
0 0.46328125 0.75703125 0.015625 0.0609375
0 0.4578125 0.17265625 0.015625 0.03359375
0 0.4625 0.2796875 0.0140625 0.0453125
0 0.484375 0.34453125 0.015625 0.04140625
0 0.50078125 0.3328125 0.01171875 0.04140625
0 0.49765625 0.43203125 0.015625 0.05
0 0.55390625 0.5265625 0.015625 0.0578125
0 0.56640625 0.46796875 0.01328125 0.04609375
0 0.55546875 0.3859375 0.01328125 0.04453125
0 0.5546875 0.35859375 0.01484375 0.0453125
0 0.57265625 0.3265625 0.015625 0.0421875
0 0.68359375 0.32265625 0.01328125 0.0453125
0 0.671875 0.42890625 0.0125 0.0515625
0 0.84375 0.38046875 0.01328125 0.04765625
0 0.834375 0.26796875 0.0109375 0.03828125