0 0.0515625 0.50703125 0.0265625 0.0921875
0 0.22109375 0.56015625 0.02421875 0.0953125
0 0.2625 0.53203125 0.021875 0.0921875
0 0.3421875 0.55703125 0.0375 0.0921875
0 0.33671875 0.48203125 0.01875 0.08125
0 0.3859375 0.55390625 0.0203125 0.0921875
0 0.45078125 0.528125 0.01953125 0.09296875
0 0.4625 0.40859375 0.0203125 0.0921875
0 0.478125 0.15390625 0.0203125 0.07421875
0 0.57421875 0.421875 0.021875 0.0765625
0 0.48671875 0.5921875 0.0171875 0.0953125
0 0.63984375 0.52734375 0.01875 0.084375
0 0.64609375 0.578125 0.0203125 0.08125
0 0.6515625 0.54375 0.0125 0.0296875
0 0.68046875 0.57109375 0.0234375 0.0921875
0 0.6953125 0.56953125 0.03046875 0.1
0 0.71640625 0.57265625 0.02109375 0.08671875
0 0.734375 0.4765625 0.0203125 0.09453125
0 0.70625 0.278125 0.02109375 0.07265625
0 0.778125 0.3984375 0.02265625 0.08359375
0 0.85546875 0.375 0.0203125 0.0859375
0 0.56640625 0.90859375 0.02265625 0.10546875