0 0.05181901338938533 0.5092831467660682 0.02896652556754522 0.09440177521477064
0 0.22385370048317205 0.572156040252776 0.02590970941492108 0.09814425090451113
0 0.26553664001259075 0.5454607434412793 0.024279025567545177 0.09415611374938138
0 0.3464554034052714 0.5754591819304615 0.03990402556754517 0.09497498530067894
0 0.33966388676617987 0.4993913268875074 0.020181860794892793 0.08301389586155708
0 0.3901508563273707 0.5746270222740946 0.021935275567545265 0.09403328301668683
0 0.4561070929346901 0.552325976367109 0.02116766233702041 0.09477358943912187
0 0.46491725689656355 0.4310241864530173 0.021935275567545175 0.0940332830166867
0 0.47605575973923264 0.1748118080043148 0.0216216298696164 0.07606453301668678
0 0.5784303319776415 0.4502422551999244 0.023225040178041924 0.07849017017181659
0 0.4931628080316541 0.6182718809350933 0.018878459414921167 0.09777575870642732
0 0.6467048193957398 0.5607537092929388 0.020250044642268605 0.08692014586155708
0 0.6538548461811009 0.6126437579134578 0.02174436079489279 0.08309578301668682
0 0.6587235783241935 0.578555362956412 0.013031834009531628 0.03112384724103805
0 0.6881071152558244 0.6074140253263123 0.025060275567545177 0.09419705732694635
0 0.7029235917168741 0.606629453300045 0.03302278003177204 0.10320024310259512
0 0.7248531387947749 0.6109008734718614 0.02341595495069413 0.08942767017181659
0 0.7411172926103785 0.5141863257558537 0.0219761858759707 0.09637703301668683
0 0.709501279624735 0.31271235696351807 0.023156856330665932 0.0745839201718165
0 0.7835036156628614 0.4383541660994867 0.024129021103318493 0.08556236374938138
0 0.8619871258091312 0.4182707174335391 0.021826181411744017 0.08778328301668684
0 0.5792226335164737 0.9428015694242756 0.025305737418098318 0.10825955732694652