0 0.09921875 0.45703125 0.02421875 0.0921875
0 0.2640625 0.57890625 0.0234375 0.09375
0 0.3140625 0.5625 0.021875 0.09375
0 0.3375 0.52890625 0.021875 0.0859375
0 0.3359375 0.578125 0.02109375 0.09140625
0 0.42265625 0.5859375 0.01875 0.09375
0 0.47578125 0.58359375 0.0234375 0.0890625
0 0.49921875 0.44921875 0.0171875 0.0890625
0 0.546875 0.57734375 0.0109375 0.0796875
0 0.55390625 0.590625 0.015625 0.09765625
0 0.58671875 0.571875 0.02421875 0.08359375
0 0.584375 0.44921875 0.0203125 0.07890625
0 0.5703125 0.9171875 0.02734375 0.09765625
0 0.6609375 0.56875 0.0234375 0.08203125
0 0.6796875 0.52890625 0.02890625 0.08359375
0 0.7140625 0.52734375 0.02109375 0.09375
0 0.68984375 0.57578125 0.0265625 0.09296875
0 0.70546875 0.5828125 0.025 0.09296875
0 0.6921875 0.296875 0.0203125 0.07109375
0 0.77734375 0.4015625 0.0203125 0.0859375
0 0.85546875 0.378125 0.0234375 0.084375
0 0.46640625 0.16484375 0.02109375 0.0765625