0 0.026790612258901246 0.46578389469597586 0.030136422502671057 0.10389083944842134
0 0.20332085200728223 0.6114967550499103 0.029409736205001914 0.10540783681758548
0 0.2594443664352525 0.5959774418392609 0.027847236205001912 0.10531683155591373
0 0.2865078634400276 0.5607602786568465 0.027547135842182158 0.09672308155591373
0 0.28306291570961306 0.6145755233951746 0.026984140651505582 0.10292757892507769
0 0.37882928349562794 0.6295473469879933 0.023940986205001912 0.10508931840173404
0 0.43753216090028957 0.6298350443006877 0.029246045098009432 0.10072033681758548
0 0.46852424447288643 0.48211788111827314 0.022996045098009434 0.10035631577089817
0 0.515875415709613 0.6281353073842801 0.014801599181693348 0.08896378946253876
0 0.5231968423886354 0.6426528336926394 0.02095239546082901 0.1088135578783902
0 0.5606249205189365 0.6244789573419279 0.029781758437520445 0.09373458944842135
0 0.563028212621721 0.48840494944942014 0.02568453547936258 0.08803832629424165
0 0.5289978867688545 0.9753122964502825 0.033306062521204535 0.04937540709943491
0 0.6427925797747636 0.6253504835796999 0.02897322658635506 0.09290783681758548
0 0.6654141134400275 0.5828290546122699 0.03525050843752044 0.09405310786427297
0 0.7029686771423584 0.5834506808923943 0.02706598620500191 0.10527132892507787
0 0.6745510112631093 0.6350285914439728 0.03328870435383635 0.10485409997176517
0 0.6914656927514551 0.6438421493223632 0.030944954353836353 0.10471759207925739
0 0.6876710924734534 0.32657134933648063 0.02541171696770821 0.08022582629424183
0 0.77816462850097 0.4477021676676275 0.025984635842182156 0.09663207629424182
0 0.8650024295894292 0.4269262070595792 0.02905507213985139 0.09525158681758547
0 0.44280008049255387 0.16513550746898475 0.026383939925866073 0.08574007892507773