0 0.10859375 0.4296875 0.02109375 0.0875
0 0.2578125 0.5703125 0.02578125 0.08203125
0 0.33671875 0.653125 0.01875 0.0984375
0 0.37578125 0.6984375 0.025 0.0921875
0 0.39375 0.68671875 0.02265625 0.09296875
0 0.4078125 0.86640625 0.03046875 0.0921875
0 0.47265625 0.15546875 0.015625 0.06953125
0 0.55078125 0.3140625 0.01328125 0.06953125
0 0.515625 0.44609375 0.0171875 0.08359375
0 0.596875 0.3453125 0.01796875 0.08203125
0 0.59609375 0.41171875 0.01796875 0.08203125
0 0.6140625 0.41328125 0.01875 0.084375
0 0.61328125 0.453125 0.0234375 0.08125
0 0.6484375 0.51796875 0.0171875 0.08515625
0 0.57109375 0.63046875 0.02109375 0.08671875
0 0.625 0.60859375 0.025 0.084375
0 0.67734375 0.49609375 0.02421875 0.08828125
0 0.6953125 0.51953125 0.01796875 0.0953125
0 0.68671875 0.42109375 0.0203125 0.08125
0 0.75 0.3765625 0.01796875 0.08046875
0 0.7609375 0.51171875 0.01953125 0.0953125
0 0.778125 0.5109375 0.021875 0.08828125