0 0.12195584342110999 0.43994538690959173 0.025599519277371918 0.0920427474927175
0 0.2833774575652856 0.5815154583006349 0.030845434790691507 0.08673312186589684
0 0.3697234758540743 0.6658246106496328 0.023701438250732565 0.10291205133278361
0 0.4122903192380033 0.7122987938774431 0.029696770265955054 0.09684390775927412
0 0.4305309832684481 0.6992532245979709 0.027384853764052152 0.09755696159934021
0 0.45223352281177515 0.8863440476383669 0.03594677026595505 0.09702576418576499
0 0.48996044961943913 0.1421788590002802 0.019366765323039204 0.07313362311953817
0 0.5779591512160447 0.30543972545590076 0.017023015323039202 0.0730654269596041
0 0.547624346881151 0.44398539990822244 0.021502268288788783 0.08724158722616089
0 0.6285149081361269 0.3368201060972863 0.022251684790691506 0.08648306927947216
0 0.6297855894667773 0.40639682020390905 0.022251684790691506 0.0864830692794722
0 0.6485674229648745 0.4066325009244368 0.02312843528498316 0.08884955133278356
0 0.649505181862123 0.4488427329777481 0.027688601292594407 0.08586094365265158
0 0.6889616126984819 0.5149618264721152 0.02159776878308044 0.08958533722616088
0 0.6132997209111585 0.6352719779631832 0.02556768577927464 0.0912614974927175
0 0.6686265494663398 0.6109790201247668 0.029378435284983163 0.08903140775927412
0 0.7177259412536632 0.4914417584462842 0.028756352775469195 0.09291492570596294
0 0.7382758631927734 0.5158734571135006 0.02279285425834381 0.09976431927947224
0 0.7246988414439436 0.4130212417532368 0.024563601292594228 0.08577001543940614
0 0.7891950815581119 0.3642140172217728 0.02215618429640003 0.08413931927947224
0 0.8066756947137044 0.5052792864221027 0.024355354258343807 0.09980978338609478
0 0.8238313612156072 0.5039979312492532 0.026412602775469196 0.09284672954602904