0 0.07890625 0.31875 0.0203125 0.07890625
0 0.16640625 0.5375 0.02734375 0.08046875
0 0.32421875 0.39765625 0.02109375 0.0875
0 0.37265625 0.3609375 0.01484375 0.08046875
0 0.30546875 0.71875 0.01640625 0.090625
0 0.41328125 0.5984375 0.0203125 0.090625
0 0.36171875 0.88515625 0.02265625 0.09609375
0 0.521875 0.12109375 0.015625 0.06953125
0 0.52109375 0.30546875 0.02421875 0.078125
0 0.5375 0.26875 0.01796875 0.0671875
0 0.62265625 0.3390625 0.01953125 0.07265625
0 0.6578125 0.25546875 0.0171875 0.078125
0 0.61484375 0.4140625 0.021875 0.05
0 0.61640625 0.45234375 0.01796875 0.08203125
0 0.65625 0.4328125 0.021875 0.08046875
0 0.7015625 0.346875 0.0171875 0.08359375
0 0.71796875 0.39140625 0.01796875 0.07734375
0 0.7359375 0.390625 0.01875 0.078125
0 0.77109375 0.3796875 0.01796875 0.0875
0 0.7984375 0.47578125 0.02265625 0.08203125
0 0.74296875 0.5046875 0.0203125 0.08125
0 0.69609375 0.625 0.0203125 0.08828125