0 0.07890625 0.31966815734404497 0.0203125 0.0791426073360908
0 0.16640625 0.5394363120225899 0.02734375 0.08078692333704537
0 0.32421875 0.40142887671067984 0.02109375 0.08774544800286352
0 0.37265625 0.3652737480505886 0.01484375 0.08064147266868175
0 0.30546875 0.7223044507081344 0.01640625 0.09081590400222712
0 0.41328125 0.6032464627227702 0.0203125 0.09086135733609062
0 0.36171875 0.8893652287157703 0.02265625 0.09635737933640912
0 0.521875 0.12716631540417855 0.015625 0.06971306333545443
0 0.52109375 0.3115322247374058 0.02421875 0.07840681066995439
0 0.5375 0.275004378739633 0.01796875 0.06739658533577267
0 0.62265625 0.34630776141785974 0.01953125 0.07288351666931803
0 0.6578125 0.26312309142263224 0.0171875 0.07832499466899989
0 0.61484375 0.42121685475013254 0.021875 0.05025453866963616
0 0.61640625 0.459516286083678 0.01796875 0.08224033533577266
0 0.65625 0.4404486600890868 0.021875 0.08072328866963616
0 0.7015625 0.35503841876190473 0.0171875 0.08379374466899989
0 0.71796875 0.3997605727641319 0.01796875 0.07755283533577266
0 0.7359375 0.3991884080999045 0.01875 0.07834317600254534
0 0.77109375 0.388659988104677 0.01796875 0.08770908533577267
0 0.7984375 0.4850719114417223 0.02265625 0.08229487933640893
0 0.74296875 0.5133327241008591 0.0203125 0.08148635733609062
0 0.69609375 0.6330997840944956 0.0203125 0.08851760733609079