0 0.006509750210463576 0.7148913376300996 0.013019500420927152 0.05398481512886235
0 0.09731638866777106 0.5852237697877036 0.015081852176918242 0.05225854081860284
0 0.061547558175217246 0.44829033582107736 0.01405506551642941 0.04518634724103805
0 0.2808357607149552 0.37675177125804177 0.013273815516429366 0.04514540366347308
0 0.2932787078123975 0.44472384328430914 0.014836315516429366 0.04522729081860284
0 0.3425272288637898 0.37429847863041654 0.010902783665263982 0.04424132293077854
0 0.35238832378431384 0.4938739942342488 0.014191474772256551 0.04909259724103805
0 0.4174404049098399 0.5068409837187993 0.01809772477225664 0.04929731512886235
0 0.3923808628070554 0.643843016735486 0.018288697730414506 0.054766065128862354
0 0.5771527439247321 0.22085481682634303 0.012919151451278843 0.034989153663473084
0 0.5041442859426987 0.4133975209193575 0.01801587921876031 0.046953565128862354
0 0.5141294103521356 0.3731033915661438 0.014055065516429367 0.04518634724103805
0 0.5237474578123976 0.43264548790267077 0.01653522477225664 0.049215427973732594
0 0.5707340744172861 0.3599992039814728 0.014027783665263981 0.04440509724103805
0 0.6114309962869849 0.37814169437053435 0.018551592558271324 0.03996325870642723
0 0.6243104530030741 0.4336137663968017 0.013246533665263982 0.044364153663473085
0 0.729451820789089 0.43746138342554347 0.017016374409436708 0.04066262155129756
0 0.7797618448357061 0.4036319380389563 0.015917665879249122 0.05386198439616781
0 0.9656894211519088 0.416502673000951 0.01575397477225664 0.04917448439616767
0 0.9838789151614588 0.3422463014496534 0.005324906260602091 0.04082971788782439
0 0.4811432624442357 0.6477691988930901 0.02068701143274545 0.05645139586155708
0 0.5199626818668639 0.8313319713943272 0.02615576143274545 0.056738000904510956
0 0.5757910743324681 0.6841393888526104 0.022194947730414683 0.054970783016686654
0 0.6554017071794254 0.5481775554063824 0.01826141587924912 0.05398481512886235
0 0.669174030500403 0.5334190145877795 0.014355165879249121 0.05378009724103805
0 0.789506344750888 0.7275264614447046 0.018534234390903494 0.06179731512886235