0 0.02890625 0.71640625 0.01640625 0.05234375
0 0.1171875 0.5921875 0.0125 0.0515625
0 0.07734375 0.45390625 0.0125 0.04453125
0 0.2921875 0.39453125 0.01171875 0.04453125
0 0.3078125 0.4625 0.01328125 0.04453125
0 0.35390625 0.3953125 0.009375 0.04375
0 0.36796875 0.5140625 0.0125 0.04765625
0 0.4328125 0.53125 0.015625 0.04765625
0 0.4125 0.665625 0.015625 0.05390625
0 0.58203125 0.2546875 0.01171875 0.034375
0 0.51640625 0.4421875 0.01640625 0.0453125
0 0.525 0.403125 0.0125 0.04453125
0 0.5359375 0.4625 0.01484375 0.04765625
0 0.58046875 0.3921875 0.0125 0.04375
0 0.621875 0.4125 0.0171875 0.0390625
0 0.63671875 0.46875 0.01171875 0.04375
0 0.74140625 0.478125 0.015625 0.03984375
0 0.790625 0.446875 0.0140625 0.05234375
0 0.97578125 0.46953125 0.0140625 0.04765625
0 0.99453125 0.396875 0.0109375 0.040625
0 0.5015625 0.675 0.01875 0.0546875
0 0.546875 0.859375 0.02421875 0.0546875
0 0.596875 0.715625 0.0203125 0.05390625
0 0.671875 0.584375 0.01640625 0.05234375
0 0.684375 0.5703125 0.0125 0.05234375
0 0.81171875 0.7703125 0.01640625 0.06015625