0 0.005952385077396224 0.46649478120766447 0.011904770154792448 0.05801389586155707
0 0.10105863992841417 0.47136930970179547 0.01881018415851471 0.05550637155129756
0 0.23644937933448334 0.3933970386708963 0.01595819994353027 0.06003009724103805
0 0.47186031847232124 0.029012554840555427 0.0127043973268119 0.044282266508343396
0 0.30620741346476316 0.3056237217330116 0.025477413111827295 0.049624863749381375
0 0.32567775028234863 0.2789007694490195 0.016974668373499213 0.050736984396167806
0 0.2735020583019134 0.41248455337021744 0.018210944681858444 0.05859042797373273
0 0.28811131889584424 0.4825956575086604 0.018946692051022486 0.05785012155129756
0 0.48487771601089447 0.20669049751360916 0.016838160480991425 0.04839323439616781
0 0.47514712926389613 0.3068952154014335 0.019454926266007 0.05320356512886235
0 0.4927672687687873 0.3386841259623116 0.01513915258848364 0.04596759724103805
0 0.4936248425027804 0.39082315807448725 0.018855686789350658 0.05628762155129756
0 0.481542071456093 0.3976873117379604 0.018400660480991426 0.04847512155129756
0 0.45168026620853857 0.41560847410786084 0.018582671004335083 0.05160012155129756
0 0.4261195531108287 0.48003614427967733 0.017384192051022394 0.05776823439616781
0 0.4321119478773917 0.5108767085040287 0.017793715728545757 0.06479948439616763
0 0.44668414014017566 0.6752324575995174 0.02298944994353036 0.060398589439121866
0 0.538247826788352 0.4671499626879001 0.01912870257436623 0.06097512155129756
0 0.6818829766754125 0.3412348366140468 0.02092642100433508 0.05172295228399211
0 0.7089830739457545 0.23700436001979516 0.017892426266006824 0.053121677973732594
0 0.6968037794333053 0.4728599728646653 0.021608960466873838 0.06344170228399229
0 0.7088788452042035 0.45275551277875714 0.015222452574366229 0.06077040366347308
0 0.8658113846667422 0.43284804726578197 0.018165442051022752 0.0578091779737326
0 0.9148228212443315 0.15300341700805714 0.015548676266006822 0.05299884724103805