0 0.0453125 0.4828125 0.01796875 0.0546875
0 0.1421875 0.49296875 0.01484375 0.05234375
0 0.26875 0.42421875 0.0125 0.05703125
0 0.47578125 0.08359375 0.009375 0.0421875
0 0.33125 0.34296875 0.021875 0.046875
0 0.34921875 0.31875 0.01328125 0.04765625
0 0.30546875 0.44453125 0.0140625 0.05625
0 0.32421875 0.51328125 0.015625 0.0546875
0 0.4984375 0.25625 0.01328125 0.0453125
0 0.49453125 0.353125 0.015625 0.05
0 0.5140625 0.384375 0.0125 0.04375
0 0.5171875 0.43515625 0.015625 0.05390625
0 0.50546875 0.440625 0.01484375 0.0453125
0 0.478125 0.45625 0.015625 0.04921875
0 0.45703125 0.51796875 0.01328125 0.0546875
0 0.46484375 0.54765625 0.01328125 0.06171875
0 0.48828125 0.7078125 0.01875 0.05703125
0 0.5640625 0.5109375 0.01484375 0.05859375
0 0.696875 0.396875 0.0171875 0.04921875
0 0.7171875 0.29765625 0.0140625 0.05
0 0.71875 0.525 0.0171875 0.06015625
0 0.72890625 0.50546875 0.01171875 0.05859375
0 0.8796875 0.49375 0.0140625 0.0546875
0 0.91171875 0.2265625 0.0125 0.05