0 0.025 0.5453125 0.0125 0.05390625
0 0.21015625 0.42265625 0.015625 0.05078125
0 0.2125 0.5546875 0.0140625 0.05078125
0 0.48984375 0.1609375 0.00859375 0.040625
0 0.34609375 0.3125 0.0125 0.046875
0 0.3609375 0.3859375 0.01015625 0.046875
0 0.38046875 0.52578125 0.02265625 0.05390625
0 0.4484375 0.45390625 0.015625 0.053125
0 0.4625 0.52734375 0.01484375 0.05
0 0.4640625 0.734375 0.0171875 0.06015625
0 0.5078125 0.478125 0.01640625 0.0453125
0 0.50390625 0.53203125 0.01484375 0.053125
0 0.525 0.30078125 0.01171875 0.040625
0 0.54765625 0.33828125 0.0109375 0.04296875
0 0.57109375 0.36171875 0.01015625 0.040625
0 0.5828125 0.39609375 0.01796875 0.04296875
0 0.56484375 0.4578125 0.0125 0.0515625
0 0.64375 0.328125 0.01171875 0.04453125
0 0.6875 0.35234375 0.01171875 0.0375
0 0.6578125 0.49296875 0.01328125 0.053125
0 0.67265625 0.48359375 0.01171875 0.05078125
0 0.77265625 0.521875 0.01484375 0.053125
0 0.84453125 0.28359375 0.0109375 0.0453125
0 0.88125 0.47890625 0.0109375 0.0484375