0 0.015481534906331345 0.545167054254726 0.013440937093786732 0.053978972872636886
0 0.202778757713933 0.4214335967037915 0.016511390015886085 0.05087215359079624
0 0.20281789367262934 0.553451211165172 0.014948890015886085 0.05086306323171659
0 0.487034575488115 0.15808767242853985 0.009302862012708779 0.040674996974937906
0 0.340639042209932 0.3104864854638647 0.013318206168510205 0.04694772287263689
0 0.35420093587926604 0.3838376270526083 0.010974456168510205 0.046934087334017514
0 0.3712912041432106 0.5235677475641131 0.023597187093786685 0.05403806020665449
0 0.44051453693492626 0.45129731694414976 0.016552300324311632 0.05321590359079629
0 0.4532951806042602 0.5246530037124332 0.015716503246410874 0.050086358411256526
0 0.4512439366933402 0.7316751633533535 0.018237531249588202 0.06025624394987581
0 0.49946679708119596 0.47517063329912423 0.017197182629559826 0.04540794877033605
0 0.49461960998740917 0.5290996091968233 0.01577105032431163 0.05321135841125635
0 0.5197498437520596 0.29772688934924846 0.012427862012708957 0.040693177693097125
0 0.5417515288172514 0.335095079142594 0.011687522321134302 0.043032382513557364
0 0.5647799257329963 0.3583962237563997 0.010865362012708957 0.040684087334017516
0 0.5758986578760888 0.39270304606330264 0.0187187723211343 0.04307328912941557
0 0.5568526030875504 0.4545263351927182 0.013400026785361164 0.05163522287263689
0 0.6380225568204286 0.3243797720591975 0.012496045860084593 0.044599427693097125
0 0.6813498169666984 0.3483439920049682 0.012373314934808022 0.03756817769309713
0 0.6492076984611677 0.4891417088274809 0.01420855032431163 0.05320226805217683
0 0.6642150896948698 0.4796803504162246 0.012605140015886107 0.050849427693097124
0 0.7635468879905865 0.5173798174351291 0.01577105032431163 0.05321135841125635
0 0.8395811026805134 0.2786804109174666 0.011728432629559648 0.04537613251355736
0 0.8728906603117208 0.4737792874790956 0.011782979707460584 0.048501132513557366