0 0.49964651775758917 0.22521832104354306 0.013531234874689524 0.043432541469812236
0 0.027963457059955378 0.5102480192372937 0.017505662567786625 0.05528770072563951
0 0.27745439695149676 0.4314782116102306 0.02060793667008758 0.05149057813030104
0 0.2900089391059745 0.44128972122887744 0.014362481849627429 0.05205357332097762
0 0.30434012557967033 0.6222222626986897 0.01513918667008749 0.05129960517214318
0 0.3121753514773694 0.626401331210344 0.019890319183644856 0.06240079627913566
0 0.36492816763595215 0.6985417152384277 0.022215888465485632 0.059357641832631994
0 0.37573385742929777 0.6762674111547436 0.01984941256778665 0.055369546279135665
0 0.40963667963800476 0.7305655307548571 0.02065793364502544 0.06008432813030105
0 0.4633838483541114 0.7051042284852717 0.023051680619963478 0.06875992368379738
0 0.45945591421810655 0.966153303693773 0.01996304205628192 0.06769339261245406
0 0.5658866796380048 0.7360219009879426 0.014457930619963477 0.06845982332097762
0 0.6357133663080923 0.7892312357416658 0.022274975799503237 0.06951389183263199
0 0.45135550526455737 0.5172222825689556 0.01593861738824671 0.05445188702330857
0 0.48044758674484234 0.4159152429132419 0.016683505951928267 0.04822916887447395
0 0.5473992582896194 0.5119842002623033 0.014357936670087668 0.05127232332097762
0 0.5778907341873184 0.5169544424577549 0.015139186670087668 0.05129960517214318
0 0.6530174783335859 0.4071007820208014 0.01279998184962743 0.051999009618646855
0 0.7124561108471432 0.420111702709374 0.01592043667008767 0.051326887023308565
0 0.7992339481811609 0.43329623818873647 0.013594867388246713 0.05437004146981224
0 0.9563379210537978 0.4512798902729875 0.01360850292686635 0.05671379146981224
0 0.979507255460949 0.40600459580795034 0.009674981849627428 0.05188988221398514
0 0.6051031948615111 0.6296007753973795 0.018309638465485632 0.059221232576804894
0 0.6167628575274936 0.6198537531648609 0.01437157220870695 0.05361607332097762