0 0.5015625 0.2046875 0.01328125 0.0421875
0 0.03515625 0.50078125 0.0171875 0.05390625
0 0.28203125 0.41484375 0.0203125 0.05
0 0.29453125 0.42421875 0.01328125 0.05078125
0 0.30625 0.6015625 0.01484375 0.05
0 0.31484375 0.60546875 0.01875 0.06015625
0 0.36640625 0.67421875 0.02109375 0.05703125
0 0.37734375 0.65234375 0.01953125 0.05390625
0 0.41015625 0.70390625 0.0203125 0.05859375
0 0.46328125 0.678125 0.021875 0.0671875
0 0.4578125 0.93828125 0.01875 0.0734375
0 0.5640625 0.70390625 0.0140625 0.0671875
0 0.6328125 0.7546875 0.02109375 0.0671875
0 0.45234375 0.49296875 0.015625 0.053125
0 0.48125 0.39296875 0.015625 0.046875
0 0.546875 0.484375 0.01328125 0.05
0 0.5765625 0.4890625 0.0140625 0.05
0 0.6515625 0.378125 0.0125 0.05078125
0 0.71015625 0.3890625 0.015625 0.05
0 0.7953125 0.3984375 0.01328125 0.053125
0 0.95 0.4109375 0.01328125 0.05546875
0 0.97265625 0.365625 0.009375 0.05078125
0 0.603125 0.5984375 0.01796875 0.05703125
0 0.61484375 0.58828125 0.0140625 0.05234375