0 0.08107641832631982 0.22131449400955022 0.020823420688572503 0.06002976442797028
0 0.10286462748947973 0.33131697658635506 0.01883433475372307 0.07010416887447395
0 0.17105657758214696 0.22835815689357447 0.01856151624206879 0.062291668874473974
0 0.16760668456838862 0.2859796839354164 0.019397329944399643 0.06388145072563933
0 0.21983138347992953 0.2620535998146655 0.017780266242068875 0.06226438702330857
0 0.22456601269868975 0.30825647721932725 0.024112111795565116 0.06482639183263199
0 0.2552703756753812 0.2937227512659444 0.016026793283910833 0.056741073320977706
0 0.2323934147829408 0.4653695727728236 0.021287212158384784 0.07331101442797028
0 0.29973219300590914 0.38266868937771203 0.018807052902557686 0.06932291887447395
0 0.28114090571244804 0.2524901160567343 0.020178579944399644 0.06390873257680489
0 0.3876736479078998 0.2866419159640671 0.019506457349061358 0.06700645072563942
0 0.4703795097034648 0.3535144466341062 0.01942461179556503 0.06466270072563943
0 0.530151324586922 0.2775719947273404 0.019342766242068876 0.06231895072563942
0 0.6281299784004536 0.15614591723001148 0.01605407513507622 0.05752232332097771
0 0.5811855457309816 0.24189987875542407 0.015491079944399643 0.06374504146981223
0 0.5959474501774853 0.24007448392756725 0.015518361795565028 0.06452629146981223
0 0.6152802927357566 0.27976446650437203 0.01605407513507622 0.05752232332097771
0 0.6632167957309816 0.24476447312779404 0.017834829944399645 0.06382688702330856
0 0.7921230457309816 0.2492659785700896 0.016381457349061358 0.06689732332097761
0 0.6649157381039185 0.49451893646730516 0.015927589563046497 0.07624504146981223
0 0.717911763331662 0.44799116604888517 0.015091775860715728 0.07465525961864686
0 0.8502356460938012 0.2598785855563313 0.019397329944399643 0.06388145072563942
0 0.5764981450823109 0.9694525407846196 0.023876498818873593 0.06109491843076072