0 0.134375 0.27578125 0.0171875 0.0546875
0 0.15 0.3765625 0.01484375 0.0640625
0 0.2171875 0.2796875 0.015625 0.05703125
0 0.21171875 0.3328125 0.015625 0.0578125
0 0.2609375 0.30859375 0.0140625 0.05703125
0 0.2640625 0.3515625 0.01953125 0.05859375
0 0.2921875 0.33671875 0.01328125 0.0515625
0 0.265625 0.49609375 0.01796875 0.0671875
0 0.33046875 0.4171875 0.01484375 0.06328125
0 0.31796875 0.2984375 0.01640625 0.0578125
0 0.41484375 0.3265625 0.015625 0.0609375
0 0.4890625 0.38515625 0.015625 0.05859375
0 0.546875 0.31328125 0.015625 0.05703125
0 0.640625 0.1984375 0.01328125 0.053125
0 0.5953125 0.27890625 0.0125 0.0578125
0 0.60859375 0.2765625 0.0125 0.05859375
0 0.625 0.3125 0.01328125 0.053125
0 0.6703125 0.27890625 0.0140625 0.0578125
0 0.7890625 0.27890625 0.01328125 0.0609375
0 0.6640625 0.50859375 0.0125 0.0703125
0 0.71484375 0.46484375 0.01171875 0.06796875
0 0.84296875 0.2875 0.015625 0.0578125
0 0.5671875 0.96015625 0.01953125 0.07890625