0 0.035758154474558955 0.56796875 0.029597117290050944 0.11875
0 0.1516104134515494 0.52890625 0.03413462636523725 0.09296875
0 0.13152971760807966 0.4890625 0.020907918519714963 0.10234375
0 0.24129404040596186 0.825 0.029774379292103515 0.14921875
0 0.3660950942679045 0.590625 0.020994276930971268 0.1171875
0 0.3110354104264873 0.5203125 0.022429511903856714 0.0953125
0 0.40359159085005897 0.32265625 0.016020430619963298 0.06796875
0 0.5912819675098838 0.42421875 0.019204517953980905 0.078125
0 0.5572791513513009 0.49453125 0.016947126365237253 0.09296875
0 0.5519189647794093 0.61015625 0.024114731751431508 0.11640625
0 0.7465587782075176 0.72578125 0.03202268052176756 0.1328125
0 0.8396109040817755 0.30859375 0.0191363402608836 0.06640625
0 0.9242666634515494 0.52890625 0.016928945647077854 0.08984375
0 0.9798672236582039 0.50625 0.02242496672431713 0.09453125
0 0.7198700549420971 0.47890625 0.026313036006157732 0.09140625