0 0.04765625 0.56953125 0.028125 0.1140625
0 0.15859375 0.53203125 0.03203125 0.0890625
0 0.1390625 0.49296875 0.01953125 0.09765625
0 0.24609375 0.815625 0.02734375 0.14296875
0 0.3640625 0.590625 0.01953125 0.1125
0 0.3109375 0.5234375 0.0203125 0.09140625
0 0.3984375 0.33359375 0.015625 0.06484375
0 0.57890625 0.43203125 0.01796875 0.075
0 0.546875 0.49921875 0.015625 0.0890625
0 0.5421875 0.61015625 0.021875 0.1109375
0 0.72890625 0.7203125 0.0296875 0.12734375
0 0.81640625 0.3203125 0.01796875 0.06328125
0 0.8984375 0.53203125 0.015625 0.08671875
0 0.9515625 0.51015625 0.02109375 0.090625
0 0.70234375 0.484375 0.025 0.0875