0 0.0811001723962208 0.3713244176933476 0.024945603269760676 0.09526785998146661
0 0.1820060977953722 0.333382962791357 0.021837849315428003 0.07643601442797028
0 0.23680900292856846 0.3900620379264332 0.02897918726214943 0.0985292692372937
0 0.3246392667687329 0.32741075970346484 0.02449993429639994 0.08433035998146661
0 0.3570551773391367 0.35749012930357826 0.019907934790691507 0.08651041887447394
0 0.3718989273391367 0.35800848447572137 0.02606243429640003 0.08438492368379738
0 0.40288498908840403 0.4615799177781657 0.03937551779449713 0.0856299651536098
0 0.4632574619023668 0.5927778432760615 0.03760477076024671 0.09961061960011346
0 0.49981438581864335 0.5596305265785059 0.03454343775644109 0.10106399219545174
0 0.5242188196207517 0.4791171365599724 0.02985593775644091 0.10090030108845909
0 0.5062129189361797 0.4025992765785059 0.023319436273566297 0.09365079627913567
0 0.5725263270351255 0.44559779762989804 0.03463893825073257 0.10340774219545171
0 0.592743326540834 0.44865087576019924 0.02666727076024671 0.09922867368379737
0 0.6498302677573161 0.3340725097882829 0.02681185079830275 0.08363095553496276
0 0.8282285458947556 0.6023934677703164 0.02342952422028759 0.11549851442797028
0 0.9556731135755218 0.6811682869149429 0.04144469517081504 0.1364112151536098