0 0.11328125 0.37109375 0.0203125 0.0921875
0 0.2109375 0.33046875 0.01796875 0.07421875
0 0.2671875 0.38359375 0.02421875 0.0953125
0 0.35 0.3203125 0.0203125 0.08203125
0 0.3828125 0.34765625 0.015625 0.084375
0 0.39765625 0.34765625 0.021875 0.08203125
0 0.43203125 0.4484375 0.03515625 0.0828125
0 0.49609375 0.57421875 0.0328125 0.09609375
0 0.53046875 0.540625 0.0296875 0.09765625
0 0.5515625 0.4609375 0.025 0.09765625
0 0.53046875 0.38671875 0.01953125 0.090625
0 0.596875 0.4265625 0.0296875 0.1
0 0.6171875 0.42890625 0.02265625 0.09609375
0 0.66875 0.315625 0.0234375 0.08125
0 0.85390625 0.57109375 0.01796875 0.1125
0 0.98203125 0.64453125 0.0359375 0.1328125