0 0.0515625 0.62578125 0.0421875 0.1125
0 0.1234375 0.44609375 0.0234375 0.0875
0 0.1796875 0.33515625 0.01796875 0.07109375
0 0.28359375 0.3125 0.0171875 0.0640625
0 0.39296875 0.59765625 0.01953125 0.09765625
0 0.40234375 0.5765625 0.03125 0.0984375
0 0.48203125 0.40234375 0.01953125 0.0828125
0 0.6140625 0.4109375 0.02890625 0.08515625
0 0.9015625 0.378125 0.025 0.06953125
0 0.9375 0.37578125 0.03046875 0.08515625
0 0.9640625 0.61015625 0.03046875 0.10546875
0 0.61171875 0.95703125 0.028125 0.0859375