0 0.019254912754586864 0.6469737105374611 0.02407439401654469 0.12319457629424183
0 0.08338849606140628 0.4477934869164075 0.026109061346272132 0.0967685841867496
0 0.14368910204486157 0.3223237790803695 0.020431226010499515 0.07848131577089808
0 0.2574607007081345 0.2906803949783245 0.02034031934277234 0.07066881577089816
0 0.3806191267504507 0.5954372424604281 0.022339171347863028 0.1082598210325699
0 0.38973049741404175 0.572234960890397 0.03562951201463562 0.10981461575678075
0 0.4742311247214975 0.3765591688676094 0.02214826734563573 0.0918535710325699
0 0.6196436220559974 0.37668942953212736 0.03233178934595386 0.09478885523343691
0 0.9325067013844521 0.32250537456692163 0.028225544676953974 0.07737384207925739
0 0.9715510200509068 0.31866774302512546 0.03467553934595387 0.09492536312594471
0 0.9933707918722028 0.5728169167308836 0.013258416255594341 0.11676256577089816
0 0.6231366274665393 0.945621440055471 0.03012385200509069 0.03922909997176518