0 0.5910827548465619 0.7346354804704657 0.037321428096007025 0.1611337282923877
0 0.10019087680614544 0.45849079842978957 0.023766767951770927 0.11545751543940633
0 0.0994836684092705 0.38824649458972366 0.028108775835555645 0.10075015775927429
0 0.2515572743169442 0.2612484224072576 0.022930313354618103 0.07952001543940615
0 0.2741407891345831 0.2637141928612287 0.02362064437666671 0.0756364974927175
0 0.3776301182567706 0.21151754387744312 0.021894490216354257 0.06855978338609488
0 0.39459875949930534 0.2539634566512823 0.01815189437666671 0.07547737311953817
0 0.49935899468166645 0.24779236150756265 0.022039960581076556 0.07480978338609487
0 0.49772441270968726 0.2173918076674967 0.024020034669270985 0.05925297954602886
0 0.5755389817638886 0.2955418882297399 0.01815189437666671 0.07547737311953817
0 0.5968327535153817 0.2863343727903337 0.01933318787965277 0.09268760517284953
0 0.6762663335874997 0.2613821854058883 0.020659298536979166 0.08257681927947216
0 0.7054271567257636 0.24960359943336874 0.019878048536979165 0.0825540872261609
0 0.774773955928333 0.3896770184754141 0.022840047587048672 0.10918478338609479
0 0.7911074707459719 0.3923246453558759 0.02681903276941 0.11242344365265158
0 0.8975406151226387 0.3142785502121563 0.021749673062014096 0.09588080133278351