0 0.60859375 0.75234375 0.03359375 0.16015625
0 0.1109375 0.46171875 0.02109375 0.11484375
0 0.10859375 0.39140625 0.02578125 0.1
0 0.2578125 0.26875 0.02109375 0.07890625
0 0.28046875 0.271875 0.021875 0.075
0 0.3828125 0.22265625 0.0203125 0.06796875
0 0.40078125 0.265625 0.01640625 0.075
0 0.50546875 0.2625 0.0203125 0.07421875
0 0.503125 0.23203125 0.02265625 0.05859375
0 0.5828125 0.3125 0.01640625 0.075
0 0.60390625 0.30390625 0.0171875 0.0921875
0 0.6828125 0.28125 0.01875 0.08203125
0 0.71171875 0.2703125 0.01796875 0.08203125
0 0.784375 0.4125 0.0203125 0.10859375
0 0.80078125 0.415625 0.02421875 0.11171875
0 0.90546875 0.340625 0.01953125 0.0953125