0 0.06015625 0.3515625 0.0078125 0.04140625
0 0.503125 0.565625 0.01953125 0.06484375
0 0.525 0.4765625 0.0109375 0.05546875
0 0.53359375 0.54921875 0.0171875 0.0546875
0 0.55390625 0.49921875 0.01796875 0.04765625
0 0.57578125 0.42890625 0.01015625 0.05
0 0.64296875 0.47109375 0.01171875 0.046875
0 0.63984375 0.51875 0.01015625 0.05390625
0 0.63125 0.56953125 0.0203125 0.05625
0 0.6734375 0.5359375 0.015625 0.05859375
0 0.728125 0.60078125 0.01875 0.06328125
0 0.7390625 0.69921875 0.0171875 0.08515625
0 0.78203125 0.66875 0.0234375 0.08203125
0 0.6609375 0.80234375 0.01953125 0.09375
0 0.78046875 0.47890625 0.01171875 0.0546875
0 0.85078125 0.5875 0.01484375 0.06640625
0 0.89453125 0.45 0.015625 0.05078125
0 0.97421875 0.5125 0.02578125 0.05
0 0.98515625 0.55390625 0.028125 0.06015625
0 0.95703125 0.678125 0.028125 0.07578125