0 0.47265625 0.57734375 0.0390625 0.11328125
0 0.51640625 0.56015625 0.03359375 0.0984375
0 0.49296875 0.4890625 0.0375 0.08125
0 0.41640625 0.35234375 0.01796875 0.090625
0 0.5359375 0.275 0.01796875 0.071875
0 0.45546875 0.2453125 0.01328125 0.06875
0 0.37265625 0.22734375 0.01640625 0.065625
0 0.24765625 0.35078125 0.01796875 0.08828125
0 0.19609375 0.521875 0.0171875 0.1109375
0 0.10390625 0.67421875 0.03125 0.13828125
0 0.69140625 0.5296875 0.03359375 0.11171875
0 0.7359375 0.40859375 0.015625 0.0890625
0 0.78984375 0.45703125 0.02578125 0.08828125
0 0.79140625 0.43671875 0.02109375 0.0953125
0 0.796875 0.2328125 0.01796875 0.06796875