0 0.03014107513232126 0.35533994738328156 0.010440092889637353 0.0458130289391951
0 0.5201280410633828 0.5609495794191879 0.023958764828747547 0.0715410710325699
0 0.5395863538012333 0.4619282504941101 0.014951179353484178 0.0608842920933748
0 0.5522083706071472 0.5410697189240791 0.0211693458553869 0.060467063140062116
0 0.5718550257403436 0.48510814526067314 0.02166409437251211 0.053481315770898166
0 0.5929859264249157 0.40791631370475956 0.013165844866803767 0.05532453683170293
0 0.6674566858164558 0.44821581903701857 0.014569177376317733 0.051509292093374806
0 0.6656832801889678 0.5007870821911983 0.013325012357289622 0.05923078683170289
0 0.6585684585538687 0.5568018637612292 0.02435801285158128 0.062211573663405774
0 0.7031978676413978 0.5181797085419098 0.019766013345872933 0.06428230787839037
0 0.7654378824701453 0.5850340085983794 0.023113847832553346 0.06993306840173404
0 0.7815178217094612 0.6913827191358406 0.022506352775469196 0.09327956314006211
0 0.8270239812912816 0.6550588112856851 0.029410268783080083 0.09056408681758547
0 0.7016950119373602 0.8080157532661204 0.025263938250732566 0.10357232103257
0 0.8170574377936219 0.44889981654735694 0.014919345855386724 0.0601030420933748
0 0.8984267960062986 0.5624093087254364 0.018585515323039203 0.07356630261671845
0 0.9392215978697342 0.4104604008752809 0.019447678364900866 0.05646980787839038
0 0.9995940706836969 0.6535131798850633 0.0008118586326062883 0.08288809471009326