0 0.49887437923627315 0.5824327884420446 0.04515629631872749 0.1142943041565303
0 0.5425687212545557 0.5647231136758137 0.03817855024766903 0.09863294272021186
0 0.5150387266312393 0.4934884631100796 0.04210191687305738 0.0822539637974506
0 0.43207206120592384 0.3555430355151783 0.022226064515692555 0.09151078912941557
0 0.5487458308506309 0.27811799316430885 0.021352769230422376 0.07276078912941557
0 0.46533186331561965 0.24795324931262894 0.01730097001621065 0.0696130632317166
0 0.38168245533390227 0.2295027102814092 0.01946278349844599 0.06572044877033596
0 0.2616867865988179 0.3529896863755 0.02211690260503385 0.08916703912941557
0 0.21812949338046222 0.5245647045258727 0.02239088440806878 0.11181874394987582
0 0.13229265487683625 0.6771488281606354 0.037726940032421295 0.13924430718159223
0 0.7161496164159915 0.5352724838927309 0.0388335217116218 0.11269544272021186
0 0.7557856970617346 0.4136611043060398 0.01980953990858687 0.08993465359079625
0 0.8119479598820163 0.46241222169428653 0.030710652605033938 0.08921703610435365
0 0.8133456399896402 0.442113357232906 0.025569388337010324 0.09621646984757479
0 0.8084996664587727 0.2374531283101448 0.021134445409104786 0.06807328912941557