0 0.012369113422950422 0.6601017059993637 0.010102800684271917 0.12978749733449996
0 0.2608146094048149 0.5235989426320925 0.03410337468172662 0.11131930800445425
0 0.31511121073358783 0.48936884595800195 0.017615308680772122 0.10409715400222712
0 0.3575703360518612 0.37792226861872946 0.028352814011772233 0.0870369233370453
0 0.2854157147517234 0.6233262226289108 0.02870735001590834 0.11750567333704538
0 0.5343044640356347 0.2563183465945488 0.013109074673772448 0.05248920066836362
0 0.7259941667329516 0.47989965523555 0.026826676678863137 0.09014374200349984
0 0.8048367820655423 0.473512747891505 0.022920426678863137 0.09009828866963616
0 0.891199901376498 0.3076417525461873 0.014889750676317703 0.07125738200190898
0 0.9714890274108601 0.559866776535688 0.024782918682362976 0.1158977200031817
0 0.9951243327100435 0.6947139438654153 0.009751334579912906 0.1345749946689999
0 0.7817372787634955 0.7042814898950048 0.02498291335136287 0.1330852200031817