0 0.196875 0.37578125 0.028125 0.1046875
0 0.34453125 0.17890625 0.01953125 0.065625
0 0.4234375 0.2828125 0.025 0.0875
0 0.4515625 0.31328125 0.01640625 0.09296875
0 0.64921875 0.21953125 0.015625 0.07265625
0 0.68671875 0.46484375 0.02578125 0.11015625
0 0.7765625 0.33984375 0.02265625 0.09609375
0 0.83671875 0.390625 0.02421875 0.0953125
0 0.93828125 0.24765625 0.028125 0.08125
0 0.92265625 0.31328125 0.0203125 0.08984375
0 0.95625 0.38203125 0.0265625 0.0953125
0 0.98671875 0.42265625 0.02421875 0.0984375
0 0.9734375 0.53359375 0.0296875 0.1234375
0 0.4234375 0.69296875 0.0421875 0.15546875