0 0.19070904567984293 0.3503674129357273 0.03558337516934214 0.11405585594746528
0 0.3381661425821967 0.12955586669005748 0.02477867198083885 0.07141797659425167
0 0.4284370177515388 0.2376339603130509 0.03151667288534998 0.09592333163720576
0 0.4613657044316987 0.26802746721045584 0.02242827792830404 0.10090075870642731
0 0.6678436765033946 0.15693175769037446 0.02128185775648763 0.07902575870642728
0 0.7222666621427578 0.4180839416570009 0.033526230212296323 0.11940177521477065
0 0.8113181168015992 0.2786728816165212 0.029623302238563555 0.10439425090451113
0 0.8782466672311404 0.3300030082562014 0.031185802238563553 0.10447613805964089
0 0.9795557824508598 0.1703646573971187 0.03505443068726599 0.08909679952503016
0 0.9668344544316987 0.24153697252598114 0.026911060040479738 0.09724017017181656
0 0.9949688808793227 0.3139132615355617 0.010062238241354748 0.10295458163720586
0 0.4523104454981288 0.678218016735486 0.05407442559888338 0.16956222749876276