0 0.09296875 0.26640625 0.0125 0.0546875
0 0.09140625 0.240625 0.0125 0.0515625
0 0.3046875 0.384375 0.01484375 0.06953125
0 0.371875 0.3125 0.0125 0.0609375
0 0.390625 0.3140625 0.01015625 0.0609375
0 0.496875 0.24375 0.00859375 0.0625
0 0.50078125 0.30859375 0.01328125 0.0609375
0 0.4171875 0.53984375 0.02109375 0.08828125
0 0.30546875 0.78984375 0.025 0.06015625
0 0.41328125 0.80859375 0.03125 0.11953125
0 0.65625 0.69609375 0.02421875 0.1171875
0 0.71171875 0.4671875 0.0234375 0.08671875
0 0.8 0.44921875 0.0203125 0.08125
0 0.815625 0.675 0.03203125 0.11015625
0 0.59921875 0.30546875 0.0140625 0.06640625