0 0.08995520205371603 0.23138660425834384 0.01651367935348409 0.06072925296574949
0 0.08953870798521509 0.20319793726214946 0.0163545118629981 0.05682300296574949
0 0.31667025787148434 0.371309903193211 0.01952593281352515 0.07723100346004105
0 0.3941360246773983 0.2946465855124446 0.016800180836358793 0.06776050296574958
0 0.41516610768120393 0.2970685899610689 0.013675180836358792 0.06763316897336073
0 0.5347238739928264 0.22446803117755104 0.012176347832553346 0.06913200197716636
0 0.5357332756659815 0.29572094866803705 0.01758143083635879 0.06779233646384668
0 0.4331362217881985 0.547433345892568 0.02741668726214943 0.09861125494291585
0 0.30005583045798556 0.8174673201894054 0.03004959733826169 0.0675204224334017
0 0.41719690950745847 0.8425866784020819 0.0397548611784261 0.13343192391627667
0 0.6894141022068154 0.7300362347513228 0.03181502718603717 0.1299885889353046
0 0.7606338220922096 0.4801754976029041 0.029696770265955054 0.0971442554372075
0 0.8583364930427368 0.4638103513669565 0.026285268783080084 0.08998567144481875
0 0.8645878571497313 0.7136976048269975 0.040122275703162555 0.12330750741437377
0 0.6444543596583703 0.2970208049035472 0.018617348821136304 0.07407416996194396