0 0.2630881566279563 0.28205633263050167 0.015498278007636035 0.05642272266868176
0 0.3473909786362287 0.22014613128582033 0.00987498667249973 0.0430778380012727
0 0.5459342825827767 0.6115325579249126 0.020813034014953758 0.11038351666931803
0 0.6258474072247322 0.7926092879137767 0.02337496001749919 0.12916078866963615
0 0.7296638452419133 0.66485591056655 0.02565507535009015 0.1237193106699543
0 0.7084530112587762 0.540900789902959 0.028552808680771945 0.10422442333704537
0 0.7401115439210946 0.5725593225652774 0.023810764680135675 0.09948237933640894
0 0.9441814259230036 0.5561241585375969 0.024592014680135676 0.0994914700031817
0 0.9847058812460496 0.6314236031986425 0.016879512014635622 0.10799431333545435
0 0.9851951352244142 0.7907713311983244 0.012382916016862922 0.12434601933481808
0 0.7510779579487751 0.3685530752307774 0.016388616008908664 0.06580681333545453
0 0.9874785346117297 0.39314235319864255 0.01571645401018138 0.07517272266868176
0 0.8740807479710468 0.2030815218810055 0.008248852005090868 0.0375909066677272