0 0.253125 0.28359375 0.0140625 0.05234375
0 0.33125 0.22734375 0.00859375 0.03984375
0 0.5203125 0.59296875 0.01796875 0.10234375
0 0.59609375 0.7625 0.0203125 0.1203125
0 0.69140625 0.6453125 0.02265625 0.11484375
0 0.6703125 0.52890625 0.02578125 0.096875
0 0.70078125 0.55859375 0.02109375 0.0921875
0 0.88984375 0.54609375 0.021875 0.0921875
0 0.93203125 0.6171875 0.021875 0.10078125
0 0.94296875 0.76484375 0.034375 0.11640625
0 0.953125 0.94453125 0.03671875 0.1109375
0 0.7078125 0.36953125 0.0140625 0.0609375
0 0.9296875 0.39453125 0.015625 0.06953125
0 0.82109375 0.21640625 0.00703125 0.03515625