0 0.08515625 0.44453125 0.02578125 0.103125
0 0.16015625 0.5375 0.028125 0.10234375
0 0.21875 0.38984375 0.01640625 0.09609375
0 0.38125 0.5140625 0.021875 0.09765625
0 0.421875 0.45859375 0.01953125 0.1
0 0.51796875 0.4 0.02109375 0.08828125
0 0.50078125 0.26328125 0.015625 0.07421875
0 0.6015625 0.2828125 0.01640625 0.071875
0 0.6453125 0.29140625 0.01484375 0.07421875
0 0.684375 0.20703125 0.01328125 0.06171875
0 0.6515625 0.4109375 0.03984375 0.096875
0 0.78515625 0.540625 0.025 0.109375
0 0.909375 0.41640625 0.028125 0.096875
0 0.93515625 0.4546875 0.02421875 0.0953125
0 0.95859375 0.46953125 0.025 0.09453125
0 0.759375 0.79296875 0.03203125 0.1