0 0.05956454586337998 0.43945643083635877 0.02841710064862312 0.10733233893530465
0 0.13523097321793406 0.5387016971479812 0.030747213879147937 0.10664658942959626
0 0.1980463932655922 0.3888091265014653 0.018919369723346603 0.09991908695813834
0 0.3637787130716643 0.5237783285923624 0.02441539326229698 0.10170442144481875
0 0.4069616972433517 0.46846608748961094 0.022112553570722372 0.1039526709505271
0 0.507244115262415 0.41157144174795485 0.023470502028594888 0.09229758794672147
0 0.49172998376794563 0.2702142712917193 0.017742653408566688 0.07723100346004105
0 0.5952816777615911 0.2947606265386463 0.017701743100141165 0.07488725346004106
0 0.6396629232973643 0.3051688859301865 0.016961403408566687 0.07719916996194395
0 0.6825828547091082 0.22013731132933784 0.014399465096963836 0.06460366946765232
0 0.6445395637202875 0.42889288741306125 0.04315175649282175 0.10168717539915129
0 0.7804752893705582 0.5689024165762648 0.02774494480442442 0.1135505054372075
0 0.9108503563339612 0.44521686026420493 0.030651756492821747 0.10117783942959627
0 0.9359361310907275 0.48611111570141247 0.02671823295387128 0.09945617193911023
0 0.9598957824706993 0.5019417041424254 0.027485846184396222 0.0987067554372075
0 0.7493717451353266 0.8279763276409604 0.0346125535707225 0.10446200692008238