0 0.07890625 0.28671875 0.01796875 0.08203125
0 0.23125 0.22421875 0.0125 0.05390625
0 0.24296875 0.4046875 0.02421875 0.090625
0 0.23125 0.4890625 0.0234375 0.1109375
0 0.1953125 0.51171875 0.0203125 0.0984375
0 0.296875 0.48125 0.03125 0.0921875
0 0.32578125 0.50625 0.0359375 0.08984375
0 0.40703125 0.45625 0.040625 0.08515625
0 0.4609375 0.38515625 0.0234375 0.078125
0 0.4625 0.32734375 0.025 0.0765625
0 0.52578125 0.390625 0.02109375 0.08671875
0 0.66875 0.27578125 0.021875 0.07109375
0 0.64609375 0.428125 0.0375 0.0703125
0 0.653125 0.47890625 0.03515625 0.09453125
0 0.640625 0.56171875 0.01796875 0.103125
0 0.74140625 0.49140625 0.028125 0.1
0 0.15625 0.7953125 0.0453125 0.1328125