0 0.042951517577792524 0.26939543734086324 0.022752603390822156 0.08615567600254526
0 0.20616430107623854 0.2056340240292714 0.01593752315936383 0.05718579133513631
0 0.20904093631287685 0.3956141340308622 0.030220501033457303 0.09561249200349983
0 0.19321042101139593 0.4837590240292714 0.03042170822938637 0.11669715133672724
0 0.15461880190480806 0.5067601720241808 0.026678124068986574 0.10337953866963616
0 0.26236068135047813 0.475965252705271 0.03732452564056317 0.09725680800445424
0 0.29159226302967856 0.5028822887094071 0.04186647642635144 0.09418635200509069
0 0.3791864623677248 0.45152942138763386 0.04711690260503385 0.08956248667249973
0 0.438929643508806 0.3771839493952699 0.028039416873057377 0.08231306066995439
0 0.4440752158823814 0.317054971395588 0.03031039226595169 0.08077783267027261
0 0.5073885450803826 0.3842339280712695 0.026132314515692735 0.09166078866963616
0 0.6622473271310865 0.2648764954248594 0.026113043837528237 0.07448237933640893
0 0.6313504299027362 0.4247600254216778 0.04248290653397539 0.07389203333863606
0 0.6358709559575839 0.47874809142263225 0.04133993755122205 0.09964601133831792
0 0.6185871025667617 0.5645310500874959 0.02380783519385723 0.10881192600254544
0 0.7282575091007372 0.4923298807685862 0.0345633986760923 0.10503294533736351
0 0.09931260194758931 0.8047158666852263 0.05416957733597423 0.140398280673136