0 0.00006846650155398924 0.1743278774046617 0.00013693300310797847 0.08615575480932343
0 0.018330411084343863 0.3918526833024442 0.036660822168687726 0.10901290145127884
0 0.0421038393321955 0.45689732994439963 0.049098933622280516 0.11637153366526398
0 0.1177117690255346 0.3288566646981227 0.028730775640563165 0.09772073738612833
0 0.1335914801504051 0.3239335517214313 0.022245335193857095 0.10919395072563934
0 0.23230511600621595 0.27103921941477893 0.026877177212139714 0.09141617368379737
0 0.2716201730783105 0.30058287567538117 0.02689644789030421 0.10857639183263199
0 0.30255980397172266 0.32513893157316376 0.028548839122798597 0.09381448738612823
0 0.28427637675958295 0.41527285825218596 0.032891736765433686 0.10332589664195542
0 0.3681356081483331 0.24448169781523257 0.02502357878371626 0.08511160998146661
0 0.3950790978092509 0.2540303126060225 0.028658001033457302 0.09615823738612823
0 0.43816981823974627 0.33691722367594823 0.02749576137253946 0.10469742368379738
0 0.4819090479758666 0.5066865758528664 0.04317641935425698 0.12318452885594056
0 0.6319925928468522 0.34212062276497435 0.03781467721213971 0.09179811960011346
0 0.6487798325077699 0.3513145734906137 0.04133993755122205 0.10050099700477508
0 0.7115624305219086 0.1962203349233591 0.02146193114108108 0.07562748257680489
0 0.5221574822173196 0.14656753138782927 0.017228195409104786 0.0684598233209777