0 0.2015625 0.69921875 0.03203125 0.11015625
0 0.38046875 0.5359375 0.025 0.09375
0 0.40625 0.43828125 0.03125 0.07421875
0 0.4921875 0.42421875 0.0265625 0.09765625
0 0.46484375 0.65390625 0.02890625 0.12734375
0 0.56328125 0.57890625 0.02265625 0.10703125
0 0.58984375 0.45859375 0.01640625 0.0953125
0 0.68046875 0.4796875 0.01875 0.10390625
0 0.67734375 0.56953125 0.021875 0.09765625
0 0.6046875 0.309375 0.0171875 0.07421875
0 0.5546875 0.153125 0.0109375 0.0453125
0 0.8359375 0.32578125 0.01875 0.07109375