0 0.18728672929712817 0.7069608863624381 0.0355847183433748 0.11464888108743239
0 0.37026505032101625 0.5406751874975285 0.027485846184396222 0.09810626339268076
0 0.39505477028924413 0.4395763376596843 0.03336765340856669 0.07712160754848192
0 0.48385817166921596 0.42628717937985366 0.029897780031772035 0.10205342370110611
0 0.45912477312861794 0.6648451189092724 0.03277336404130367 0.13256308400953162
0 0.5601048461811009 0.5885065357105197 0.026168808034949365 0.11214148985373029
0 0.5852803498345489 0.46476507264215067 0.01891936972334669 0.09951875892845372
0 0.6801797926103785 0.4875088717486462 0.021399487418098318 0.10737216923687924
0 0.6786912049473989 0.5812043246707456 0.024429030031772214 0.10195796631477982
0 0.5981916327089902 0.309569058031654 0.019318790178041924 0.07765739569792895
0 0.54380632142763 0.14695028124629278 0.012536956168510116 0.04707955154212753
0 0.8383353916374439 0.3309430462605312 0.020031856330665933 0.0737647824674041