0 0.003717395899562786 0.50390625 0.007434791799125572 0.12265625
0 0.057308731657599934 0.1515625 0.023162366851331995 0.07109375
0 0.28278244160758753 0.26953125 0.02159150666391758 0.09765625
0 0.3363356874509524 0.3890625 0.025793273356964973 0.1078125
0 0.3780351056350679 0.2984375 0.03064825791755883 0.08671875
0 0.4601800159016246 0.29453125 0.04351197077054021 0.09921875
0 0.5110127416867298 0.2390625 0.02754598997087001 0.0875
0 0.5736538310244617 0.3953125 0.032043273356964976 0.1078125
0 0.6683442053976411 0.38984375 0.027742218263257713 0.12109375
0 0.7098677788337484 0.2515625 0.02750052586424747 0.0859375
0 0.7950240288337483 0.2515625 0.026832936130804265 0.08984375
0 0.8286692546188534 0.19609375 0.017875473277822705 0.07734375
0 0.7982733977966514 0.3546875 0.025611416930474286 0.1015625
0 0.5501418423737399 0.96171875 0.04597774122451135 0.0765625