0 0.07421875 0.49453125 0.0265625 0.11328125
0 0.06015625 0.40625 0.02421875 0.1015625
0 0.12578125 0.1703125 0.01953125 0.06484375
0 0.33671875 0.278125 0.0171875 0.08984375
0 0.3890625 0.38828125 0.02109375 0.09921875
0 0.42578125 0.30546875 0.0265625 0.0796875
0 0.50078125 0.30078125 0.0375 0.09140625
0 0.54609375 0.25 0.0234375 0.08046875
0 0.60859375 0.39375 0.0265625 0.09921875
0 0.6953125 0.3890625 0.021875 0.1109375
0 0.73046875 0.26171875 0.02265625 0.07890625
0 0.80859375 0.2625 0.021875 0.0828125
0 0.8375 0.2109375 0.01484375 0.07109375
0 0.8140625 0.35625 0.02109375 0.09375
0 0.60234375 0.93984375 0.0421875 0.1203125