0 0.004899446112921729 0.7875 0.009798892225843459 0.1578125
0 0.14710983296662455 0.396875 0.027926023231704587 0.11015625
0 0.27129409087529 0.359375 0.0452090237259962 0.1125
0 0.33418270452517396 0.215625 0.024977436767857953 0.0953125
0 0.3828364273391367 0.34453125 0.043869358212676526 0.11796875
0 0.47029661806132717 0.23046875 0.03500635277546919 0.0921875
0 0.4118422005336602 0.6296875 0.035672197642272786 0.146875
0 0.618117352738288 0.303125 0.036296938745024224 0.1046875
0 0.684864500951402 0.390625 0.038368774714579244 0.1171875
0 0.7309914485564939 0.6390625 0.04029603064607841 0.1453125
0 0.8935325523205462 0.5421875 0.03391869665368965 0.1421875