0 0.9479041765093863 0.6075027298709459 0.0780556335647475 0.5830546946818584
0 0.8289632035512282 0.6198878797580064 0.13591028438305414 0.49832264988706054
0 0.6907910809558899 0.624816845415965 0.11740582104354295 0.5042618367469984
0 0.5544914824071687 0.5984503084430878 0.10306801333166185 0.4285792972844595
0 0.45540914166299595 0.6003228925592501 0.0980357729503087 0.44076077886860804
0 0.38224446017465025 0.596787639857827 0.0940104718618496 0.41479751834526424
0 0.26708325164446245 0.5902407792215438 0.11517614373154857 0.39575909200867015
0 0.1896303742398008 0.5978705396743005 0.09117315934064515 0.3335475183452644
0 0.0343712496411049 0.593045073733993 0.0687424992822098 0.30060621572854596
0 0.09973206053746994 0.6046658422204316 0.05722474527549459 0.3214346552193195
0 0.13410706053746996 0.6026637264636511 0.07015133121034403 0.31205194994353036