0 0.9719014989064345 0.6443112133480604 0.056197002187131063 0.6005849318249419
0 0.8640146453217266 0.6550006570360006 0.14331619026508013 0.5120291092012597
0 0.7208867278312406 0.6569199371877874 0.12407144174795484 0.51826452174883
0 0.5772667204168668 0.627557383841477 0.10841992543633232 0.44041143577927466
0 0.47476380292638093 0.6278213220922096 0.1042417614058877 0.4527204347906915
0 0.3994454679454089 0.6230648379095405 0.0992850059686801 0.4267800173002055
0 0.2785599649796594 0.6139046966165086 0.12108175152005582 0.4066094387450242
0 0.19978104897204818 0.6202448799243253 0.09584698817418298 0.34240501730020545
0 0.046832462508201465 0.6116086620532786 0.05622873125410073 0.30803267589344296
0 0.10690779946633977 0.6263768161978917 0.06027690269891939 0.3308162598858317
0 0.14206404946633977 0.6249443087835178 0.07389373372555866 0.3204517628515813