0 0.975455627061691 0.6083034408525385 0.049088745876618135 0.5794171706885723
0 0.8703846401417898 0.6171377822296835 0.13222174742621035 0.49396330952597955
0 0.7327937119285446 0.6188143880347988 0.11445758590601258 0.5003670769491748
0 0.593534983636157 0.5900495256910796 0.09979804084143531 0.425711817330528
0 0.4949610913162889 0.5887995389379236 0.09545152164110533 0.4372668762235355
0 0.4220775207831755 0.5835242510963083 0.09157636388183117 0.4113764988188736
0 0.3060660758768827 0.5742807150687916 0.11286033049573625 0.39182789065150564
0 0.22881325409012812 0.5801066183341691 0.0892122303374517 0.3301264988188738
0 0.07059157713052397 0.5715550522695855 0.07265521615168673 0.29754961179556505
0 0.13981895025006214 0.5855604993670278 0.05454171364440428 0.3187698473675947
0 0.1734127002500621 0.5843873797669145 0.0683314290046682 0.30988592068857257