0 0.9405030799556371 0.5837244725259811 0.10719803449270379 0.5964832536180446
0 0.8005775093387861 0.5957408729100939 0.1298485560030592 0.5079087545225558
0 0.6592258064166868 0.6000266604493364 0.11122128692833577 0.5139573586609988
0 0.5192144610430695 0.5722402544110141 0.09739852028924414 0.4375210114199607
0 0.41772014489044534 0.573656669494448 0.09291557183137163 0.4489940999545716
0 0.343637762585197 0.5697338093631112 0.08855930843869109 0.42300813206674714
0 0.22513322443575007 0.5618947331529723 0.11084736566286155 0.4031017458161285
0 0.1461587905883742 0.5699362844870248 0.08711381087432306 0.34019563206674713
0 0.010273898743292709 0.5625442656038322 0.020547797486585417 0.3045580252147708
0 0.05472526704942386 0.5762891830621153 0.052547896101670724 0.32745661465389253
0 0.08910026704942386 0.5744876656492608 0.06643311809849353 0.3180373490500603