0 0.969806206891219 0.66640625 0.06038758621756202 0.5515625
0 0.8687642831282284 0.67109375 0.13780645296136065 0.46796875
0 0.7373505088179689 0.66796875 0.12016525158187967 0.47421875
0 0.6043808785602441 0.63515625 0.10472063602347603 0.403125
0 0.5096449106724197 0.63125 0.10064728968694911 0.41484375
0 0.4397861120519007 0.625 0.09617115162730823 0.3890625
0 0.32971507123329785 0.61171875 0.11796758649844588 0.37265625
0 0.2556600955435574 0.61484375 0.09219962460351531 0.31328125
0 0.10414186114738959 0.60078125 0.07571813150092024 0.28203125
0 0.170626676276252 0.6171875 0.059717995250301616 0.3046875
0 0.20261698269868708 0.61640625 0.07164478516439336 0.29375