0 0.9341869764827099 0.5846400182014743 0.09661928821661121 0.5944627834984461
0 0.808900371439756 0.5959307367699428 0.14737952679665023 0.507202532050704
0 0.6684800893275803 0.5985742014094699 0.12899801899473431 0.5133604867654336
0 0.5296566067404347 0.5707489160489972 0.11252649197094122 0.43699703990858685
0 0.428339768205824 0.5707917655108778 0.10845314563441444 0.44849746608726926
0 0.35448951040390797 0.5672173093484062 0.1031957575747735 0.4225342795695045
0 0.2364764948000757 0.5586856794884513 0.12474653098052182 0.40249576137253945
0 0.1574064704898162 0.5654857971472971 0.0988557383528966 0.33972177956950456
0 0.01880591375556738 0.5579922824649888 0.03761182751113476 0.30585404776646963
0 0.06591833333468644 0.5713056116629898 0.0639075282669884 0.32718323821317574
0 0.10029333333468644 0.5697045703066609 0.07743776175864499 0.3176819596771285