0 0.9375331599373524 0.6609079222452319 0.10592968355701445 0.5838356526050339
0 0.8037802855641729 0.6601544433376809 0.13304846153283306 0.4969371201400451
0 0.6655899637774183 0.6505888906088126 0.1145030500126353 0.5030950748547749
0 0.5290901741231172 0.6098097251834972 0.10060202289474666 0.42754926530148085
0 0.4299850843896739 0.6012822876322752 0.09549698574772805 0.4397945541766104
0 0.3567749049227874 0.5900493810982999 0.09162182798845384 0.41386775496239886
0 0.24153634982908018 0.5713828101724665 0.11290579460235897 0.39457409946188077
0 0.1641016716158348 0.5709054671207265 0.08925769444407439 0.33261775496239887
0 0.021329031852296815 0.5497110556243525 0.04265806370459363 0.29938572394515217
0 0.0742124575092121 0.5682834272121398 0.05536842775102695 0.3208968509096227
0 0.1078062075092121 0.5698480812649157 0.06835416105797955 0.31135918507002247