0 0.9489680961240279 0.7002054491995097 0.10206380775194432 0.5654578567298018
0 0.8186539614340977 0.6999123360439172 0.12591768151447943 0.48046077422028777
0 0.6849874762517366 0.6913438078692968 0.10809440187920175 0.48597860376405216
0 0.550630006836945 0.6530877796946764 0.09470274268489617 0.41362610129259425
0 0.45444533785899355 0.6452660094287211 0.09026981582316011 0.4243726003040111
0 0.38396918369868105 0.6353697445999735 0.08654475056868094 0.39846401631162254
0 0.27194130917364634 0.6175363043720746 0.10881914086128504 0.3829809377564411
0 0.19701404435600747 0.6176052885547438 0.08474455480524332 0.3211202663116225
0 0.04434298603538244 0.5973352564257907 0.0676109529816322 0.2892017628515813
0 0.11034984574277829 0.616415520265955 0.05175021684934054 0.31197075939154006
0 0.14314416194718801 0.6169712771860374 0.06397745991548635 0.30076134536109544